Data/gebco_2020_n56.0_s55.0_w-8.0_e-6.5.asc
ncols        360
nrows        240
xllcorner    -8.000000000000
yllcorner    55.000000000000
cellsize     0.004166666667
NODATA_value -32767
[rows 126 to 167 of 240, columns 94 to 187 of 360]
-59 -59 -59 -59 -59 -59 -60 -60 -61 -61 -62 -63 -63 -63 -63 -63 -63 -63 -62 -62 -62 -62 -62 -62 -62 -62 -61 -61 -60 -60 -60 -60 -59 -58 -58 -58 -57 -57 -56 -56 -56 -56 -56 -55 -55 -55 -55 -55 -54 -54 -54 -54 -55 -54 -53 -54 -53 -52 -55 -54 -53 -52 -51 -52 -52 -52 -52 -51 -51 -51 -50 -50 -50 -49 -48 -47 -46 -46 -45 -43 -43 -41 -43 -46 -46 -46 -47 -47 -48 -48 -48 -49 -49 -49
-58 -58 -58 -58 -58 -59 -59 -60 -60 -60 -61 -62 -62 -62 -62 -62 -62 -62 -61 -62 -62 -61 -61 -61 -61 -61 -60 -60 -60 -59 -59 -58 -58 -58 -58 -57 -57 -56 -56 -56 -56 -56 -55 -55 -55 -55 -55 -54 -54 -54 -54 -54 -54 -54 -53 -52 -52 -53 -54 -53 -50 -49 -49 -50 -51 -52 -52 -51 -50 -50 -50 -49 -49 -48 -48 -47 -47 -46 -45 -43 -41 -39 -40 -46 -47 -47 -48 -48 -48 -48 -47 -47 -48 -48
-57 -57 -57 -57 -57 -57 -58 -58 -59 -60 -61 -61 -60 -60 -60 -61 -61 -60 -60 -60 -60 -60 -60 -60 -60 -59 -59 -59 -58 -58 -57 -57 -57 -57 -57 -56 -56 -55 -55 -55 -55 -55 -56 -55 -54 -54 -54 -54 -54 -53 -53 -53 -53 -52 -52 -52 -52 -52 -52 -51 -49 -49 -49 -50 -50 -51 -50 -49 -49 -49 -49 -49 -48 -48 -48 -48 -47 -46 -44 -41 -39 -39 -39 -44 -46 -47 -48 -47 -46 -42 -41 -41 -41 -41
-56 -56 -56 -57 -57 -57 -57 -58 -59 -60 -60 -61 -60 -60 -60 -60 -60 -59 -59 -59 -59 -59 -59 -59 -58 -58 -58 -58 -58 -57 -56 -56 -56 -56 -56 -55 -55 -55 -54 -55 -55 -55 -55 -55 -54 -54 -53 -54 -54 -53 -53 -53 -53 -52 -52 -52 -52 -51 -51 -50 -49 -49 -49 -49 -49 -49 -49 -49 -48 -48 -47 -47 -47 -48 -48 -47 -47 -46 -45 -43 -39 -37 -37 -38 -41 -43 -44 -43 -40 -35 -34 -34 -37 -39
-55 -55 -55 -56 -56 -56 -57 -58 -59 -59 -60 -59 -59 -60 -59 -59 -59 -59 -59 -59 -58 -58 -58 -58 -58 -57 -57 -57 -57 -57 -56 -56 -55 -55 -55 -55 -54 -54 -54 -55 -55 -54 -54 -54 -54 -53 -52 -52 -52 -54 -54 -54 -53 -53 -53 -52 -52 -51 -51 -50 -50 -49 -49 -49 -49 -49 -48 -47 -47 -47 -47 -47 -47 -47 -47 -46 -46 -46 -44 -42 -39 -36 -34 -34 -35 -36 -35 -34 -34 -34 -34 -35 -36 -34
-55 -55 -55 -55 -55 -55 -55 -56 -56 -57 -58 -58 -58 -59 -59 -59 -59 -58 -58 -58 -58 -57 -57 -57 -57 -56 -56 -56 -56 -56 -56 -55 -55 -55 -54 -54 -53 -54 -54 -54 -54 -54 -54 -54 -53 -53 -52 -51 -51 -54 -54 -54 -53 -52 -52 -52 -51 -50 -50 -49 -49 -49 -48 -48 -48 -48 -48 -47 -46 -46 -45 -45 -46 -46 -46 -44 -44 -43 -40 -37 -35 -34 -34 -32 -34 -34 -31 -32 -33 -32 -35 -33 -33 -35
-54 -54 -54 -54 -55 -55 -55 -55 -55 -56 -56 -56 -56 -56 -57 -57 -57 -57 -57 -56 -55 -55 -55 -55 -55 -55 -55 -55 -54 -54 -54 -54 -54 -54 -53 -53 -52 -52 -53 -53 -53 -53 -52 -53 -53 -53 -52 -52 -52 -52 -53 -53 -52 -52 -52 -52 -51 -50 -50 -49 -50 -51 -50 -50 -50 -49 -48 -48 -47 -46 -46 -46 -46 -44 -40 -40 -40 -40 -37 -34 -32 -33 -33 -33 -23 -28 -27 -32 -33 -26 -29 -32 -32 -33
-53 -53 -54 -54 -54 -54 -54 -55 -55 -55 -55 -55 -55 -56 -56 -56 -56 -56 -55 -54 -54 -54 -54 -54 -54 -54 -54 -54 -54 -54 -53 -53 -53 -52 -52 -51 -51 -52 -52 -53 -53 -52 -53 -53 -53 -53 -52 -52 -52 -52 -53 -53 -52 -51 -51 -51 -50 -50 -49 -49 -51 -51 -51 -50 -50 -49 -48 -47 -47 -48 -47 -45 -42 -40 -37 -35 -37 -38 -39 -35 -34 -33 -33 -33 -34 -33 -33 -33 -33 -34 -34 -32 -32 -31
-52 -52 -53 -53 -54 -54 -54 -54 -54 -54 -54 -54 -55 -55 -55 -55 -55 -55 -55 -54 -54 -54 -54 -54 -54 -54 -54 -54 -54 -53 -53 -53 -53 -51 -51 -50 -51 -51 -51 -51 -52 -52 -51 -51 -52 -52 -52 -52 -52 -51 -53 -53 -52 -51 -50 -49 -49 -50 -49 -48 -48 -51 -51 -50 -50 -49 -48 -47 -47 -47 -47 -45 -44 -39 -41 -38 -37 -39 -39 -38 -33 -34 -34 -33 -35 -33 -33 -34 -33 -34 -34 -32 -31 -32
-52 -52 -52 -52 -53 -53 -53 -54 -54 -54 -54 -54 -53 -53 -53 -53 -53 -53 -53 -53 -53 -53 -53 -53 -53 -53 -53 -53 -53 -53 -53 -52 -51 -51 -50 -50 -50 -50 -50 -51 -51 -50 -50 -51 -51 -51 -52 -52 -52 -52 -52 -52 -51 -51 -50 -48 -50 -50 -49 -49 -49 -50 -50 -50 -49 -48 -48 -48 -47 -47 -46 -45 -43 -42 -41 -40 -39 -40 -39 -40 -37 -36 -35 -34 -35 -33 -34 -20 -33 -15 -19 -31 -31 -31
-52 -52 -52 -52 -52 -52 -52 -53 -53 -53 -53 -53 -52 -52 -51 -52 -53 -53 -53 -53 -53 -52 -52 -52 -52 -52 -52 -52 -52 -52 -52 -51 -51 -50 -50 -50 -50 -50 -50 -50 -50 -50 -50 -50 -49 -50 -50 -51 -51 -51 -51 -51 -51 -50 -50 -49 -49 -49 -48 -48 -49 -50 -49 -49 -48 -48 -48 -47 -47 -46 -45 -45 -44 -43 -41 -40 -39 -38 -38 -38 -38 -37 -36 -34 -28 -20 -4 9 10 7 10 13 -11 -28
-53 -53 -53 -53 -53 -53 -54 -54 -54 -53 -52 -52 -52 -51 -51 -52 -52 -52 -53 -53 -53 -53 -53 -53 -52 -52 -52 -52 -51 -51 -51 -50 -50 -49 -49 -49 -49 -48 -48 -48 -48 -49 -49 -49 -49 -49 -49 -49 -49 -49 -50 -50 -50 -50 -49 -48 -48 -47 -46 -46 -48 -49 -48 -48 -47 -47 -47 -46 -46 -45 -44 -44 -44 -43 -42 -40 -39 -39 -38 -37 -35 -35 -34 -33 -32 -23 -13 -16 -22 -25 -27 -28 -28 -30
-55 -55 -55 -54 -54 -54 -55 -55 -53 -53 -52 -52 -51 -51 -50 -50 -52 -52 -53 -53 -53 -53 -53 -53 -52 -52 -51 -51 -51 -51 -50 -50 -49 -49 -49 -48 -48 -48 -47 -47 -48 -48 -48 -49 -49 -49 -49 -49 -48 -48 -48 -48 -49 -49 -48 -47 -47 -46 -45 -45 -47 -47 -46 -46 -46 -45 -44 -45 -45 -43 -43 -44 -43 -42 -41 -41 -40 -39 -38 -37 -37 -37 -36 -36 -35 -36 -39 -42 -32 -36 -33 -32 -33 -30
-55 -56 -55 -55 -54 -54 -54 -53 -52 -51 -51 -51 -51 -51 -50 -50 -51 -51 -52 -52 -52 -51 -51 -50 -51 -50 -50 -50 -50 -49 -49 -49 -50 -49 -49 -49 -48 -48 -47 -47 -47 -47 -47 -48 -48 -48 -48 -47 -46 -46 -47 -47 -47 -47 -47 -46 -46 -45 -44 -44 -44 -45 -45 -45 -44 -41 -40 -40 -40 -40 -40 -40 -40 -40 -40 -41 -41 -40 -41 -41 -42 -42 -39 -39 -37 -36 -36 -38 -37 -38 -38 -32 -31 -30
-54 -54 -54 -54 -53 -53 -52 -52 -52 -51 -51 -50 -50 -50 -49 -49 -49 -50 -50 -50 -49 -49 -49 -48 -49 -49 -49 -49 -48 -48 -48 -49 -49 -49 -49 -49 -49 -48 -47 -46 -46 -46 -46 -45 -45 -45 -44 -44 -44 -45 -47 -47 -46 -46 -46 -46 -45 -45 -44 -43 -43 -43 -42 -42 -41 -40 -41 -42 -45 -45 -46 -45 -45 -44 -44 -46 -46 -46 -47 -47 -47 -47 -45 -42 -37 -38 -42 -42 -41 -42 -39 -36 -35 -34
-52 -51 -52 -51 -51 -51 -50 -50 -49 -50 -49 -49 -49 -48 -48 -48 -48 -48 -48 -48 -48 -47 -46 -45 -45 -46 -47 -47 -47 -48 -48 -48 -48 -48 -49 -48 -47 -46 -45 -44 -44 -45 -45 -45 -44 -44 -44 -43 -44 -44 -45 -44 -45 -45 -46 -46 -45 -45 -44 -43 -42 -41 -41 -39 -38 -42 -54 -56 -54 -56 -60 -66 -70 -71 -71 -71 -71 -73 -72 -71 -64 -58 -51 -47 -44 -43 -42 -41 -41 -42 -41 -40 -37 -36
-51 -49 -49 -49 -49 -49 -49 -48 -48 -48 -48 -47 -46 -48 -47 -46 -48 -47 -47 -47 -46 -46 -46 -47 -47 -48 -48 -48 -48 -47 -47 -47 -47 -47 -47 -46 -45 -44 -44 -44 -44 -44 -44 -44 -43 -43 -43 -43 -43 -44 -45 -46 -47 -47 -47 -46 -45 -44 -43 -41 -41 -40 -39 -38 -38 -42 -49 -50 -49 -50 -52 -54 -58 -62 -65 -66 -68 -70 -73 -76 -78 -77 -73 -64 -54 -43 -40 -41 -40 -42 -41 -40 -39 -38
-50 -48 -48 -47 -46 -47 -47 -47 -47 -48 -48 -48 -48 -48 -48 -48 -47 -47 -47 -46 -46 -46 -46 -46 -46 -47 -47 -48 -46 -46 -46 -46 -46 -46 -45 -45 -44 -45 -45 -45 -43 -43 -43 -43 -42 -42 -43 -44 -45 -45 -45 -45 -45 -46 -46 -46 -45 -44 -43 -42 -41 -41 -40 -39 -39 -41 -43 -42 -41 -41 -42 -43 -43 -43 -43 -42 -43 -45 -47 -50 -55 -60 -66 -70 -73 -65 -47 -42 -42 -41 -41 -40 -39 -39
-49 -47 -45 -44 -44 -45 -46 -47 -47 -48 -48 -48 -48 -48 -48 -48 -47 -46 -45 -45 -46 -46 -46 -46 -44 -46 -46 -47 -47 -47 -47 -47 -46 -45 -45 -45 -44 -45 -45 -45 -43 -43 -42 -42 -42 -42 -43 -44 -44 -44 -44 -45 -45 -46 -46 -46 -45 -44 -43 -42 -39 -37 -38 -38 -37 -37 -36 -35 -36 -37 -38 -38 -37 -36 -37 -40 -43 -44 -48 -50 -50 -53 -55 -60 -69 -77 -79 -73 -66 -59 -54 -50 -47 -45
-47 -45 -43 -43 -44 -45 -46 -46 -46 -47 -47 -48 -48 -48 -47 -47 -47 -47 -46 -45 -45 -46 -46 -46 -45 -46 -46 -46 -46 -46 -46 -45 -44 -43 -44 -46 -45 -45 -44 -43 -43 -42 -42 -42 -42 -43 -43 -43 -43 -43 -44 -45 -45 -46 -46 -46 -44 -43 -41 -37 -37 -36 -38 -37 -37 -36 -35 -34 -33 -33 -33 -32 -30 -31 -33 -37 -41 -48 -52 -53 -54 -57 -60 -67 -75 -80 -86 -88 -87 -85 -80 -74 -67 -62
-44 -43 -43 -44 -45 -46 -46 -47 -47 -47 -47 -47 -47 -47 -48 -48 -48 -48 -47 -46 -45 -46 -46 -46 -45 -44 -45 -45 -46 -46 -45 -44 -43 -42 -43 -44 -44 -43 -43 -43 -43 -42 -41 -41 -41 -41 -41 -41 -41 -42 -43 -43 -43 -43 -40 -38 -39 -39 -39 -37 -36 -37 -38 -38 -36 -35 -34 -31 -29 -30 -18 -11 -25 -24 -27 -31 -35 -35 -36 -38 -40 -42 -44 -47 -50 -54 -57 -58 -62 -71 -74 -75 -75 -73
-44 -43 -44 -45 -46 -47 -47 -47 -47 -47 -47 -47 -47 -47 -47 -47 -47 -48 -48 -47 -46 -46 -46 -45 -44 -44 -45 -44 -44 -43 -42 -41 -41 -42 -42 -42 -41 -41 -41 -41 -41 -41 -41 -41 -40 -40 -40 -40 -41 -42 -42 -41 -38 -35 -32 -18 -32 -35 -33 -32 -33 -34 -33 -30 -30 -29 -28 -26 -27 -8 -2 -13 -13 -13 -16 -21 -25 -27 -28 -30 -30 -29 -30 -32 -34 -37 -39 -41 -41 -42 -47 -53 -59 -64
-45 -45 -46 -46 -46 -46 -47 -47 -47 -47 -47 -47 -47 -47 -46 -46 -47 -47 -46 -46 -46 -46 -46 -45 -44 -44 -45 -44 -43 -41 -41 -41 -42 -41 -41 -41 -40 -40 -41 -41 -41 -41 -41 -40 -40 -41 -41 -39 -37 -36 -36 -34 -19 -30 30 33 8 -6 -4 -10 -24 -23 -23 -19 -18 -17 -17 -16 -14 -4 -10 -11 -13 -10 -10 -14 -17 -20 -23 -26 -26 -27 -28 -29 -29 -29 -30 -31 -32 -33 -35 -36 -38 -41
-46 -46 -47 -47 -47 -47 -47 -47 -47 -47 -47 -47 -47 -47 -47 -47 -46 -46 -46 -46 -45 -45 -45 -44 -44 -44 -43 -43 -42 -41 -41 -41 -42 -41 -39 -40 -41 -41 -41 -41 -41 -41 -40 -40 -40 -39 -37 -37 -35 -33 -30 -27 16 22 27 28 29 27 24 24 23 1 -4 -7 -6 -8 -10 -9 -6 -19 -19 -16 -12 -12 -10 -10 -11 -14 -18 -22 -22 -22 -25 -28 -29 -30 -30 -30 -29 -28 -28 -29 -30 -32
-47 -47 -47 -47 -48 -48 -48 -47 -47 -47 -47 -47 -47 -47 -47 -47 -46 -46 -46 -46 -45 -45 -44 -44 -44 -43 -43 -43 -42 -42 -42 -40 -39 -40 -40 -40 -41 -41 -40 -40 -40 -40 -40 -40 -41 -40 -37 -36 -33 -17 -22 -19 6 13 25 40 46 48 55 62 63 54 36 20 13 -2 -4 -5 -5 -13 -14 -18 -19 -18 -16 -14 -12 -13 -16 -22 -26 -24 -23 -27 -30 -31 -33 -33 -32 -29 -26 -28 -28 -29
-48 -48 -49 -49 -49 -49 -48 -48 -48 -48 -47 -47 -46 -46 -46 -46 -46 -46 -46 -46 -45 -45 -44 -43 -42 -42 -42 -42 -42 -42 -42 -41 -39 -39 -40 -41 -42 -42 -40 -40 -40 -41 -41 -41 -41 -41 -40 -39 -36 -31 -28 -24 -22 10 20 34 46 55 65 76 75 66 47 26 16 15 0 0 2 -1 -1 -10 -12 -16 -18 -7 -4 -19 -7 -22 -21 -21 -22 -25 -28 -29 -30 -31 -31 -30 -28 -28 -28 -27
-49 -49 -50 -50 -49 -48 -47 -46 -46 -46 -46 -46 -46 -46 -46 -46 -46 -46 -45 -44 -43 -42 -41 -42 -42 -42 -42 -42 -41 -42 -42 -42 -41 -41 -42 -42 -41 -40 -39 -40 -40 -40 -40 -38 -37 -37 -38 -38 -37 -34 -32 -29 -19 -19 5 13 33 57 69 71 55 38 26 17 15 19 27 33 41 51 60 68 73 74 73 77 79 75 67 10 3 -14 -16 -20 -19 -20 -23 -26 -27 -27 -27 -27 -26 -26
-49 -48 -48 -48 -47 -45 -44 -42 -42 -44 -44 -44 -44 -45 -45 -45 -44 -44 -44 -43 -41 -41 -41 -43 -43 -42 -42 -41 -41 -42 -42 -42 -42 -42 -41 -40 -40 -39 -38 -38 -38 -37 -35 -33 -30 -32 -31 -31 -29 -31 -31 -30 -28 -24 -22 -8 17 27 27 19 13 14 10 7 8 15 25 34 42 51 61 77 96 109 115 118 122 135 148 153 26 10 -4 -16 -15 -15 -14 -20 -23 -23 -24 -24 -23 -23
-48 -46 -46 -46 -45 -44 -39 -41 -41 -42 -43 -43 -43 -42 -43 -43 -43 -43 -42 -41 -41 -40 -41 -43 -43 -42 -42 -42 -42 -41 -42 -42 -42 -41 -40 -39 -39 -38 -36 -36 -34 -34 -33 -31 -32 -31 -29 -26 -26 -24 -25 -28 -27 -25 -24 -22 -21 -19 -9 -9 -2 2 2 4 6 10 16 23 32 43 54 66 78 95 118 142 151 165 197 232 236 211 195 160 125 127 142 121 -3 -15 -16 -18 -20 -19
-46 -45 -45 -44 -45 -44 -42 -40 -40 -44 -43 -42 -41 -40 -42 -42 -41 -41 -41 -41 -40 -40 -40 -41 -42 -41 -41 -41 -40 -40 -40 -40 -40 -40 -39 -38 -38 -36 -35 -34 -34 -32 -31 -32 -32 -29 -26 -26 -28 -29 -29 -31 -30 -25 -26 -25 -23 -21 -18 -15 -1 3 6 7 8 9 12 16 22 31 43 56 70 87 107 129 144 157 179 211 235 243 231 199 176 170 181 202 195 152 4 -6 -15 -17
-44 -44 -44 -43 -42 -42 -40 -41 -41 -43 -42 -41 -40 -39 -39 -39 -39 -39 -40 -39 -40 -39 -39 -39 -40 -39 -37 -38 -38 -40 -39 -38 -38 -39 -38 -38 -37 -36 -36 -34 -34 -30 -30 -32 -33 -31 -28 -33 -33 -34 -33 -33 -30 -24 -26 -24 -22 -19 -18 -15 4 7 18 27 30 29 22 16 16 22 34 48 63 80 98 125 154 169 170 168 173 182 190 186 186 192 209 229 239 237 225 208 194 189
-39 -41 -40 -41 -40 -40 -39 -40 -40 -39 -39 -40 -38 -37 -38 -38 -37 -38 -38 -38 -37 -38 -38 -37 -38 -37 -37 -37 -38 -38 -39 -38 -38 -37 -37 -37 -37 -36 -35 -35 -35 -34 -33 -33 -34 -34 -32 -32 -31 -28 -28 -26 -26 -27 -25 -23 -21 -19 -18 -16 4 15 38 64 80 85 79 56 37 28 25 31 45 66 86 101 108 117 121 120 123 132 148 169 184 189 194 197 200 201 202 208 212 212
-39 -40 -40 -40 -39 -40 -41 -40 -39 -39 -38 -37 -38 -38 -38 -37 -36 -38 -37 -38 -37 -36 -36 -36 -36 -36 -36 -36 -37 -37 -38 -38 -37 -37 -38 -37 -37 -36 -35 -35 -35 -35 -34 -35 -35 -34 -32 -30 -29 -30 -28 -25 -26 -26 -24 -22 -20 -18 -18 -16 -12 24 52 81 104 124 122 106 87 63 42 31 32 47 67 75 73 75 79 86 97 108 120 135 145 147 150 155 159 162 167 175 180 185
-40 -40 -40 -41 -40 -41 -41 -41 -39 -39 -37 -35 -35 -36 -36 -36 -35 -37 -36 -37 -35 -32 -28 -34 -34 -36 -36 -36 -36 -37 -38 -38 -38 -37 -37 -36 -35 -35 -35 -35 -35 -35 -34 -33 -33 -33 -32 -32 -31 -30 -29 -26 -25 -24 -22 -20 -19 -17 -16 -15 -13 30 68 101 119 128 129 125 120 100 72 50 42 40 41 44 49 55 60 66 75 87 99 110 117 118 118 120 126 136 147 157 164 170
-41 -40 -40 -40 -40 -40 -40 -39 -39 -39 -37 -36 -35 -36 -35 -35 -35 -34 -34 -35 -34 -30 -34 -36 -36 -35 -36 -36 -35 -35 -36 -37 -37 -37 -35 -35 -35 -35 -36 -36 -36 -35 -34 -32 -31 -32 -33 -32 -30 -26 -27 -25 -23 -21 -19 -18 -17 -15 -14 -13 -5 18 41 68 94 119 140 128 113 101 83 70 67 65 65 69 77 82 86 95 98 95 95 103 114 120 125 125 123 123 127 132 134 136
-41 -39 -39 -40 -40 -40 -39 -39 -40 -40 -38 -36 -36 -36 -34 -34 -32 -33 -32 -34 -34 -33 -34 -36 -36 -35 -36 -36 -34 -33 -35 -36 -36 -36 -35 -35 -34 -34 -35 -35 -35 -34 -32 -30 -31 -31 -30 -26 -25 -24 -25 -23 -21 -19 -17 -16 -15 -14 -12 -11 -10 7 21 31 49 69 77 72 72 82 83 73 80 104 136 156 153 138 124 122 126 120 107 106 119 142 157 154 144 133 127 128 134 143
-39 -39 -39 -39 -39 -38 -38 -40 -40 -40 -39 -37 -36 -34 -34 -33 -33 -34 -34 -35 -35 -35 -34 -35 -36 -36 -36 -36 -35 -33 -34 -35 -36 -36 -36 -35 -35 -34 -33 -32 -33 -31 -28 -29 -30 -29 -17 -26 -21 -21 -20 -19 -19 -17 -16 -15 -13 -12 -11 -10 -5 0 4 7 5 10 14 20 31 50 77 97 114 128 143 149 151 153 150 140 132 132 140 154 172 194 183 165 156 151 145 140 144 152
-38 -39 -39 -40 -40 -40 -40 -40 -41 -40 -39 -37 -34 -33 -32 -32 -32 -32 -33 -33 -35 -36 -35 -36 -36 -35 -35 -35 -35 -34 -34 -34 -36 -36 -37 -36 -35 -34 -30 -29 -29 -29 -27 -27 -27 -26 -25 -19 -15 -14 -15 -13 -14 -17 -16 -10 -12 -11 -4 9 13 12 7 3 3 11 14 14 25 77 117 121 111 106 110 117 128 145 151 148 149 156 173 194 195 196 194 187 182 179 174 170 167 164
-40 -40 -39 -38 -39 -40 -40 -40 -41 -40 -40 -39 -37 -36 -33 -33 -33 -33 -33 -34 -35 -35 -36 -36 -35 -35 -35 -34 -33 -33 -33 -33 -34 -35 -36 -35 -34 -33 -29 -28 -30 -29 -26 -26 -26 -26 -25 -19 -14 -12 -13 -17 -11 -12 -7 -10 6 14 28 38 37 31 16 6 2 5 11 12 13 34 60 72 71 61 56 62 79 98 103 103 117 135 142 143 134 129 131 139 149 162 165 151 139 132
-38 -39 -40 -39 -39 -40 -40 -40 -39 -40 -40 -39 -38 -37 -35 -35 -34 -34 -34 -35 -37 -37 -36 -35 -36 -35 -35 -34 -33 -32 -31 -31 -31 -32 -33 -33 -32 -30 -28 -28 -27 -26 -20 -26 -26 -24 -23 -21 -19 -17 -14 -12 -12 -12 -10 6 9 15 28 43 49 40 24 10 5 2 7 5 5 10 14 17 26 36 41 47 58 65 67 69 79 91 100 104 103 101 100 104 112 119 111 98 89 84
-39 -38 -38 -38 -37 -38 -39 -39 -38 -38 -37 -37 -36 -35 -34 -34 -34 -33 -33 -34 -34 -34 -33 -34 -34 -34 -33 -32 -33 -33 -30 -30 -30 -29 -29 -30 -30 -28 -26 -25 -25 -22 -20 -20 -23 -21 -20 -20 -20 -21 -20 -18 -15 -11 -16 4 6 8 13 25 40 48 42 27 16 9 11 1 3 2 2 6 15 26 33 38 38 37 41 46 51 59 67 70 73 76 77 70 63 61 59 57 58 63
-36 -36 -36 -36 -36 -36 -37 -37 -37 -37 -37 -36 -35 -34 -33 -33 -33 -32 -32 -32 -32 -33 -33 -33 -33 -33 -31 -29 -30 -31 -29 -28 -27 -24 -23 -23 -23 -22 -22 -23 -23 -21 -21 -21 -20 -19 -18 -18 -19 -20 -20 -16 -12 -9 4 5 7 11 15 18 21 27 30 31 30 26 27 12 19 10 9 7 4 8 11 16 18 17 22 34 37 31 29 32 36 39 43 47 49 49 50 54 56 59
