Data/gebco_2020_n56.0_s55.0_w-8.0_e-6.5.asc
ncols        360
nrows        240
xllcorner    -8.000000000000
yllcorner    55.000000000000
cellsize     0.004166666667
NODATA_value -32767
[rows 84 to 125 of 240, columns 188 to 281 of 360]
-55 -55 -54 -54 -54 -54 -53 -53 -53 -52 -52 -51 -51 -52 -52 -51 -50 -50 -50 -51 -51 -51 -51 -51 -51 -50 -49 -49 -49 -49 -48 -48 -48 -47 -47 -47 -48 -47 -46 -45 -44 -44 -44 -44 -44 -44 -45 -45 -45 -44 -42 -40 -38 -37 -37 -37 -38 -39 -39 -40 -40 -40 -40 -40 -40 -40 -40 -39 -37 -35 -35 -35 -34 -33 -29 -35 -40 -40 -39 -39 -38 -36 -39 -38 -38 -38 -35 -36 -35 -36 -34 -33 -32 -33
-54 -54 -54 -53 -53 -53 -53 -54 -55 -55 -55 -54 -53 -52 -51 -51 -50 -51 -51 -52 -52 -52 -51 -51 -50 -50 -50 -50 -49 -49 -48 -48 -47 -47 -47 -47 -47 -46 -45 -44 -43 -43 -43 -42 -43 -43 -43 -43 -43 -42 -40 -38 -38 -38 -39 -40 -41 -41 -41 -41 -41 -40 -39 -40 -39 -38 -39 -37 -34 -34 -32 -33 -37 -38 -36 -35 -39 -36 -35 -33 -32 -32 -37 -40 -39 -40 -39 -36 -34 -37 -37 -37 -37 -42
-53 -53 -53 -53 -53 -55 -56 -57 -57 -56 -55 -55 -54 -53 -52 -51 -50 -51 -51 -52 -52 -51 -51 -50 -50 -49 -49 -49 -48 -48 -48 -48 -48 -47 -46 -45 -45 -44 -42 -42 -45 -44 -44 -44 -42 -42 -42 -41 -40 -40 -40 -39 -40 -40 -40 -41 -42 -42 -42 -40 -40 -38 -34 -36 -39 -41 -40 -40 -38 -33 -34 -34 -37 -36 -33 -36 -36 -34 -29 -32 -35 -39 -34 -32 -33 -36 -40 -39 -38 -40 -42 -43 -43 -40
-53 -53 -53 -54 -56 -58 -58 -58 -57 -57 -56 -55 -54 -53 -53 -52 -50 -51 -51 -51 -51 -51 -50 -49 -49 -49 -49 -49 -48 -48 -47 -47 -46 -46 -45 -44 -44 -44 -43 -43 -43 -43 -43 -42 -41 -40 -40 -39 -40 -40 -40 -40 -40 -40 -40 -41 -42 -42 -41 -39 -39 -38 -36 -35 -39 -41 -40 -40 -38 -37 -36 -36 -36 -34 -34 -33 -32 -39 -41 -38 -35 -34 -33 -31 -32 -38 -43 -43 -43 -42 -41 -41 -40 -35
-53 -53 -57 -59 -60 -59 -59 -58 -57 -57 -56 -54 -54 -53 -53 -52 -51 -50 -50 -50 -50 -49 -48 -48 -48 -48 -48 -47 -47 -45 -45 -45 -45 -44 -43 -43 -43 -43 -43 -42 -42 -42 -42 -42 -40 -39 -39 -40 -41 -41 -41 -40 -40 -40 -40 -41 -41 -41 -40 -39 -38 -39 -40 -39 -39 -38 -38 -40 -38 -34 -40 -41 -41 -43 -42 -43 -42 -44 -41 -36 -32 -29 -32 -31 -37 -39 -40 -45 -44 -41 -39 -37 -40 -43
-54 -57 -60 -61 -60 -58 -58 -57 -56 -55 -54 -54 -53 -52 -51 -51 -50 -49 -48 -48 -48 -47 -47 -48 -48 -47 -46 -46 -45 -44 -44 -44 -44 -44 -44 -44 -43 -43 -43 -42 -41 -41 -41 -42 -40 -39 -41 -41 -42 -42 -41 -40 -39 -40 -40 -40 -40 -40 -40 -40 -40 -40 -40 -39 -38 -38 -35 -35 -36 -39 -42 -47 -48 -46 -44 -43 -40 -41 -42 -40 -36 -33 -35 -32 -34 -37 -36 -39 -40 -40 -39 -41 -41 -40
-58 -60 -61 -61 -59 -58 -56 -55 -54 -54 -54 -53 -52 -51 -50 -50 -49 -49 -48 -47 -47 -47 -48 -48 -47 -46 -45 -45 -44 -44 -44 -45 -45 -45 -45 -44 -43 -43 -42 -41 -41 -42 -42 -41 -39 -39 -41 -42 -42 -42 -41 -40 -40 -39 -39 -39 -40 -40 -41 -40 -40 -41 -41 -41 -40 -41 -40 -43 -39 -45 -49 -47 -46 -44 -42 -41 -41 -40 -40 -39 -37 -36 -37 -34 -31 -31 -33 -33 -40 -41 -41 -40 -41 -40
-60 -60 -60 -59 -57 -56 -55 -54 -53 -53 -53 -53 -52 -51 -50 -49 -49 -49 -47 -46 -47 -47 -47 -46 -46 -45 -46 -45 -45 -45 -45 -45 -45 -45 -44 -43 -44 -44 -44 -43 -42 -42 -42 -40 -38 -39 -40 -40 -41 -41 -41 -39 -39 -39 -39 -40 -40 -40 -40 -40 -40 -41 -41 -42 -42 -43 -43 -43 -43 -44 -43 -41 -42 -42 -43 -43 -41 -40 -39 -39 -38 -37 -39 -39 -35 -37 -38 -37 -42 -43 -43 -43 -44 -43
-58 -60 -59 -57 -56 -55 -54 -53 -52 -51 -52 -52 -52 -51 -50 -49 -48 -48 -47 -47 -47 -46 -46 -46 -46 -46 -46 -46 -46 -45 -45 -44 -45 -44 -43 -44 -44 -45 -45 -45 -44 -42 -40 -38 -38 -39 -39 -39 -39 -39 -39 -39 -39 -40 -40 -40 -40 -40 -40 -40 -41 -41 -41 -42 -43 -43 -43 -43 -42 -43 -43 -42 -42 -43 -43 -42 -41 -40 -39 -39 -40 -40 -40 -40 -39 -40 -42 -41 -42 -39 -41 -42 -42 -38
-60 -59 -58 -57 -55 -54 -52 -52 -50 -49 -50 -52 -52 -51 -50 -49 -49 -49 -48 -47 -47 -46 -47 -47 -47 -47 -47 -46 -46 -45 -44 -44 -44 -44 -44 -45 -45 -46 -45 -45 -44 -41 -38 -38 -37 -38 -40 -40 -39 -38 -39 -40 -41 -40 -40 -40 -40 -40 -40 -41 -41 -42 -41 -42 -44 -44 -44 -43 -43 -42 -42 -42 -42 -43 -43 -43 -42 -41 -40 -40 -40 -40 -40 -42 -43 -42 -42 -41 -39 -38 -37 -34 -33 -34
-60 -58 -57 -55 -53 -52 -50 -48 -47 -47 -49 -52 -52 -51 -51 -49 -49 -49 -48 -48 -48 -48 -48 -47 -47 -47 -45 -44 -44 -45 -43 -44 -46 -45 -46 -46 -46 -46 -45 -45 -44 -41 -39 -38 -38 -38 -40 -40 -40 -39 -39 -39 -40 -40 -40 -41 -42 -42 -42 -43 -42 -44 -44 -44 -43 -44 -44 -43 -44 -43 -43 -43 -42 -43 -43 -43 -43 -42 -42 -40 -39 -38 -35 -42 -42 -39 -40 -35 -34 -35 -35 -34 -31 -33
-59 -57 -56 -53 -52 -50 -47 -46 -45 -45 -47 -49 -51 -51 -49 -49 -47 -48 -48 -47 -48 -48 -47 -46 -46 -45 -43 -43 -44 -47 -47 -45 -46 -46 -46 -46 -46 -46 -46 -45 -43 -42 -40 -39 -39 -39 -39 -39 -39 -37 -38 -37 -40 -40 -41 -42 -44 -44 -45 -45 -45 -45 -45 -44 -44 -44 -44 -44 -43 -44 -44 -42 -42 -41 -41 -42 -42 -42 -41 -39 -37 -39 -40 -40 -39 -41 -39 -35 -31 -31 -30 -29 -30 -30
-56 -55 -55 -52 -51 -48 -46 -44 -44 -45 -46 -48 -50 -51 -50 -49 -49 -49 -49 -48 -48 -48 -47 -45 -46 -46 -45 -45 -44 -45 -45 -45 -46 -46 -47 -47 -47 -47 -46 -44 -42 -41 -40 -39 -39 -38 -40 -41 -40 -39 -39 -38 -38 -38 -41 -45 -47 -47 -46 -46 -46 -45 -45 -45 -44 -44 -44 -44 -43 -43 -43 -43 -41 -40 -40 -40 -40 -41 -40 -37 -31 -33 -36 -38 -40 -39 -39 -38 -36 -33 -33 -33 -34 -33
-58 -56 -53 -52 -50 -47 -45 -44 -44 -45 -47 -49 -50 -50 -50 -49 -50 -49 -48 -48 -48 -48 -47 -47 -46 -45 -45 -44 -43 -44 -45 -46 -46 -47 -48 -47 -46 -45 -43 -42 -39 -38 -39 -40 -42 -42 -43 -43 -42 -41 -39 -37 -39 -40 -44 -45 -47 -47 -47 -46 -46 -46 -45 -45 -45 -45 -44 -43 -42 -42 -42 -39 -37 -39 -36 -36 -39 -39 -39 -38 -34 -34 -31 -34 -39 -36 -38 -40 -35 -34 -40 -40 -35 -38
-55 -56 -54 -52 -49 -46 -44 -43 -43 -44 -46 -48 -50 -49 -49 -50 -50 -49 -48 -47 -48 -48 -47 -47 -47 -47 -46 -47 -47 -46 -47 -47 -48 -49 -48 -47 -45 -44 -41 -36 -37 -38 -44 -44 -44 -43 -44 -45 -44 -42 -40 -39 -42 -42 -43 -43 -45 -45 -45 -45 -45 -44 -43 -43 -45 -44 -43 -41 -39 -39 -39 -36 -35 -35 -32 -33 -38 -42 -38 -33 -36 -36 -37 -36 -40 -41 -40 -41 -45 -47 -47 -47 -48 -52
-51 -52 -51 -52 -49 -45 -43 -42 -42 -43 -46 -48 -49 -49 -49 -50 -49 -49 -49 -48 -48 -48 -48 -49 -49 -48 -48 -48 -49 -48 -48 -48 -48 -48 -47 -46 -46 -44 -43 -43 -44 -44 -43 -42 -40 -40 -45 -42 -43 -43 -37 -41 -43 -43 -43 -43 -43 -43 -43 -44 -44 -43 -43 -43 -44 -43 -41 -39 -34 -31 -41 -38 -34 -33 -37 -40 -41 -39 -44 -44 -41 -40 -40 -39 -44 -45 -48 -52 -54 -55 -56 -58 -61 -64
-51 -50 -49 -50 -49 -46 -44 -43 -41 -42 -44 -47 -48 -49 -49 -50 -50 -50 -51 -50 -50 -50 -51 -51 -51 -51 -50 -49 -50 -50 -49 -49 -48 -47 -47 -45 -45 -45 -45 -44 -44 -42 -37 -42 -45 -45 -43 -42 -44 -43 -41 -42 -43 -45 -44 -43 -42 -42 -43 -43 -43 -43 -42 -42 -43 -43 -42 -40 -37 -36 -41 -42 -38 -37 -45 -45 -40 -38 -39 -46 -43 -44 -43 -44 -48 -52 -54 -55 -56 -58 -61 -63 -65 -67
-50 -50 -50 -50 -49 -47 -44 -44 -43 -41 -43 -45 -46 -48 -49 -51 -52 -52 -52 -53 -53 -52 -53 -53 -52 -53 -51 -51 -50 -50 -49 -49 -48 -47 -46 -44 -44 -44 -45 -45 -41 -44 -44 -46 -46 -46 -45 -45 -43 -42 -42 -43 -45 -46 -45 -44 -43 -43 -44 -44 -43 -41 -41 -42 -42 -42 -40 -40 -39 -37 -36 -33 -38 -43 -45 -45 -40 -41 -45 -45 -44 -44 -45 -48 -51 -53 -55 -58 -61 -63 -65 -67 -68 -70
-52 -50 -50 -49 -49 -47 -44 -43 -42 -41 -42 -44 -45 -47 -49 -51 -53 -54 -55 -56 -54 -53 -53 -53 -53 -52 -52 -52 -51 -50 -50 -48 -45 -49 -48 -45 -47 -47 -45 -45 -41 -41 -44 -47 -49 -47 -45 -44 -43 -43 -44 -44 -44 -45 -45 -44 -44 -44 -45 -44 -43 -40 -40 -39 -44 -42 -43 -40 -37 -37 -37 -40 -47 -49 -49 -46 -45 -44 -44 -44 -45 -48 -51 -54 -56 -58 -61 -63 -64 -66 -68 -69 -71 -72
-51 -49 -47 -46 -47 -46 -44 -41 -41 -42 -43 -44 -45 -46 -48 -50 -52 -54 -57 -58 -58 -57 -55 -55 -54 -54 -53 -53 -53 -52 -51 -50 -50 -49 -49 -49 -48 -47 -46 -46 -45 -44 -47 -48 -49 -47 -45 -40 -45 -45 -44 -45 -45 -46 -46 -46 -45 -45 -45 -45 -46 -45 -45 -44 -45 -47 -48 -49 -47 -49 -52 -53 -53 -52 -50 -48 -46 -46 -46 -47 -50 -54 -56 -58 -60 -62 -64 -66 -67 -69 -70 -71 -73 -74
-46 -39 -43 -45 -47 -46 -43 -41 -42 -42 -42 -43 -45 -46 -48 -50 -51 -53 -56 -59 -61 -62 -60 -58 -57 -55 -55 -54 -54 -53 -53 -53 -52 -51 -50 -50 -49 -48 -48 -48 -48 -47 -47 -45 -46 -46 -47 -47 -46 -46 -46 -46 -46 -47 -47 -47 -46 -45 -43 -46 -49 -48 -47 -45 -44 -45 -48 -51 -54 -56 -59 -59 -58 -56 -54 -52 -50 -50 -50 -52 -54 -56 -58 -60 -62 -64 -66 -68 -69 -71 -73 -74 -74 -76
-47 -44 -40 -45 -43 -44 -44 -41 -42 -43 -42 -42 -44 -46 -48 -50 -51 -53 -54 -56 -60 -64 -66 -65 -63 -59 -58 -56 -55 -54 -54 -54 -53 -52 -51 -51 -50 -49 -49 -49 -49 -49 -49 -48 -47 -49 -48 -48 -48 -47 -47 -46 -47 -47 -47 -45 -44 -47 -47 -46 -48 -48 -46 -45 -44 -45 -48 -51 -53 -56 -57 -57 -57 -57 -57 -56 -55 -54 -53 -54 -55 -57 -58 -60 -62 -64 -66 -68 -70 -72 -73 -73 -74 -76
-44 -45 -43 -42 -41 -42 -42 -41 -42 -43 -43 -43 -43 -45 -47 -48 -50 -52 -53 -54 -56 -60 -66 -70 -70 -68 -64 -62 -58 -57 -56 -55 -55 -54 -53 -52 -51 -51 -52 -52 -51 -51 -51 -50 -50 -50 -49 -48 -48 -47 -47 -47 -47 -47 -49 -48 -47 -48 -47 -46 -47 -46 -46 -46 -47 -48 -50 -51 -53 -54 -56 -57 -57 -57 -57 -57 -57 -57 -56 -56 -56 -58 -59 -60 -62 -64 -66 -67 -69 -71 -71 -72 -73 -74
-43 -38 -37 -33 -35 -41 -43 -43 -43 -43 -43 -42 -42 -44 -46 -48 -50 -52 -54 -54 -55 -56 -62 -68 -72 -74 -74 -72 -70 -66 -62 -59 -58 -57 -56 -55 -53 -53 -53 -52 -52 -52 -52 -52 -51 -51 -50 -49 -48 -47 -47 -47 -45 -49 -50 -49 -48 -48 -47 -47 -47 -48 -48 -49 -50 -51 -52 -53 -55 -56 -57 -57 -57 -57 -57 -58 -58 -58 -58 -58 -58 -59 -60 -61 -62 -63 -64 -66 -67 -69 -70 -71 -72 -73
-36 -35 -33 -37 -42 -48 -47 -45 -44 -44 -44 -42 -42 -43 -44 -47 -51 -54 -55 -56 -57 -59 -62 -65 -69 -73 -75 -78 -79 -79 -76 -71 -66 -61 -60 -58 -56 -54 -54 -54 -54 -53 -53 -53 -53 -53 -52 -49 -48 -49 -50 -49 -49 -47 -49 -49 -49 -49 -49 -50 -51 -51 -52 -52 -53 -53 -54 -55 -56 -57 -58 -59 -59 -59 -59 -59 -59 -60 -60 -60 -60 -60 -61 -62 -62 -63 -64 -65 -66 -68 -69 -70 -71 -72
-44 -43 -43 -48 -47 -46 -46 -46 -46 -46 -44 -43 -43 -43 -44 -47 -51 -54 -55 -56 -57 -58 -60 -62 -65 -69 -71 -73 -75 -77 -79 -80 -79 -76 -72 -68 -66 -64 -61 -59 -57 -56 -55 -54 -55 -54 -53 -52 -52 -51 -50 -50 -49 -49 -50 -51 -51 -51 -52 -52 -53 -53 -53 -53 -54 -54 -55 -56 -57 -58 -58 -59 -59 -59 -59 -59 -59 -59 -60 -60 -60 -61 -61 -61 -62 -63 -64 -65 -66 -67 -68 -70 -71 -72
-50 -50 -50 -50 -48 -47 -49 -50 -50 -49 -48 -48 -46 -45 -47 -52 -54 -55 -55 -56 -57 -58 -59 -61 -64 -66 -68 -70 -71 -73 -74 -78 -82 -83 -82 -80 -77 -75 -71 -65 -61 -59 -58 -55 -54 -54 -54 -53 -51 -51 -51 -51 -51 -51 -51 -52 -52 -52 -52 -52 -53 -53 -53 -53 -53 -54 -55 -55 -56 -57 -58 -58 -58 -58 -58 -58 -58 -58 -58 -58 -59 -59 -60 -61 -62 -62 -63 -64 -65 -66 -67 -68 -70 -72
-53 -52 -51 -49 -48 -47 -48 -49 -50 -50 -50 -50 -50 -50 -52 -54 -55 -56 -56 -57 -57 -58 -60 -61 -63 -65 -67 -68 -70 -71 -73 -75 -78 -81 -83 -83 -83 -82 -80 -77 -74 -71 -67 -61 -56 -54 -55 -55 -55 -54 -54 -53 -53 -53 -52 -52 -52 -52 -52 -52 -52 -52 -53 -53 -54 -54 -55 -55 -55 -56 -56 -56 -56 -57 -57 -57 -57 -57 -57 -57 -58 -58 -59 -60 -61 -62 -62 -63 -64 -65 -66 -68 -69 -71
-55 -53 -50 -47 -47 -48 -49 -49 -50 -51 -52 -53 -54 -54 -55 -55 -57 -58 -58 -58 -59 -59 -61 -62 -64 -65 -67 -68 -69 -71 -72 -73 -75 -77 -79 -81 -82 -82 -83 -82 -82 -80 -76 -71 -67 -64 -63 -62 -61 -59 -57 -55 -54 -54 -54 -54 -53 -53 -53 -53 -53 -53 -53 -53 -53 -54 -55 -55 -55 -55 -56 -56 -56 -56 -56 -57 -57 -57 -57 -57 -57 -57 -58 -59 -60 -61 -62 -62 -63 -65 -66 -68 -69 -71
-55 -54 -52 -50 -50 -51 -51 -50 -51 -52 -53 -54 -56 -57 -57 -58 -59 -60 -60 -60 -61 -61 -62 -64 -65 -67 -68 -69 -70 -71 -72 -73 -74 -75 -76 -77 -78 -79 -80 -80 -81 -81 -81 -80 -77 -76 -73 -71 -67 -63 -60 -58 -56 -55 -55 -55 -55 -54 -54 -54 -54 -54 -53 -53 -53 -53 -53 -54 -54 -54 -54 -55 -55 -55 -55 -56 -56 -56 -56 -56 -56 -57 -57 -58 -59 -60 -60 -61 -62 -63 -65 -66 -67 -69
-51 -50 -50 -51 -51 -52 -56 -57 -54 -51 -52 -54 -56 -58 -59 -61 -61 -62 -62 -62 -62 -63 -64 -66 -68 -69 -70 -71 -71 -72 -72 -72 -73 -73 -74 -75 -75 -77 -77 -78 -78 -78 -79 -79 -78 -77 -76 -75 -73 -70 -66 -63 -60 -59 -57 -56 -55 -55 -55 -55 -54 -54 -54 -54 -54 -54 -54 -54 -54 -53 -54 -54 -54 -54 -54 -55 -55 -55 -55 -55 -56 -56 -57 -57 -58 -59 -59 -60 -61 -62 -63 -63 -65 -67
-50 -49 -49 -49 -49 -50 -50 -51 -51 -51 -55 -57 -58 -60 -61 -61 -62 -63 -64 -63 -64 -65 -66 -68 -70 -71 -72 -72 -72 -72 -72 -72 -72 -72 -73 -73 -74 -74 -75 -75 -76 -77 -77 -78 -78 -77 -76 -74 -73 -71 -69 -67 -64 -62 -61 -59 -58 -57 -56 -56 -56 -55 -54 -54 -54 -55 -55 -55 -55 -54 -53 -53 -53 -53 -53 -54 -54 -54 -54 -55 -56 -56 -57 -57 -58 -58 -59 -59 -59 -60 -60 -61 -62 -64
-49 -48 -47 -48 -49 -49 -50 -50 -50 -51 -52 -54 -56 -58 -59 -60 -60 -62 -63 -63 -64 -65 -66 -67 -69 -70 -72 -72 -71 -71 -71 -71 -71 -72 -72 -73 -73 -74 -74 -74 -74 -74 -74 -75 -76 -76 -75 -74 -73 -72 -71 -69 -67 -64 -62 -60 -59 -59 -58 -57 -56 -56 -56 -55 -55 -54 -55 -54 -54 -55 -54 -54 -53 -53 -54 -55 -55 -55 -55 -55 -56 -56 -57 -57 -57 -58 -58 -58 -58 -58 -59 -59 -60 -61
-48 -48 -47 -46 -46 -46 -48 -51 -51 -50 -50 -50 -51 -53 -53 -54 -56 -56 -56 -59 -62 -63 -65 -66 -67 -68 -70 -71 -71 -70 -70 -70 -70 -71 -72 -72 -73 -73 -74 -74 -74 -73 -73 -73 -73 -73 -73 -72 -72 -71 -71 -70 -70 -68 -66 -63 -60 -59 -59 -59 -58 -58 -58 -57 -56 -55 -54 -53 -53 -53 -53 -54 -54 -54 -54 -55 -55 -55 -55 -55 -55 -56 -56 -57 -57 -57 -57 -57 -58 -58 -58 -59 -60 -60
-48 -49 -48 -46 -45 -44 -46 -48 -47 -43 -45 -47 -48 -48 -48 -42 -45 -47 -50 -52 -56 -60 -62 -63 -65 -68 -69 -70 -71 -70 -70 -70 -70 -70 -71 -71 -71 -72 -72 -73 -73 -73 -72 -72 -71 -71 -71 -70 -69 -69 -68 -67 -67 -67 -67 -66 -63 -61 -60 -59 -59 -59 -58 -59 -59 -59 -58 -56 -55 -53 -52 -53 -54 -55 -55 -55 -55 -55 -55 -55 -55 -55 -55 -56 -56 -56 -57 -57 -57 -57 -57 -58 -58 -59
-51 -50 -47 -44 -43 -42 -44 -45 -43 -44 -41 -38 -44 -43 -43 -43 -43 -48 -52 -53 -53 -55 -58 -61 -63 -65 -67 -69 -70 -70 -70 -69 -69 -69 -70 -70 -70 -70 -71 -71 -71 -71 -71 -71 -70 -70 -69 -68 -67 -67 -66 -65 -64 -64 -64 -63 -62 -60 -59 -58 -58 -58 -58 -58 -58 -59 -59 -58 -58 -56 -54 -54 -54 -54 -55 -56 -55 -55 -55 -55 -55 -55 -55 -55 -56 -56 -56 -57 -56 -56 -56 -57 -57 -56
-51 -48 -45 -43 -42 -42 -42 -43 -43 -42 -40 -40 -39 -43 -44 -47 -51 -53 -53 -51 -49 -51 -53 -55 -57 -58 -60 -62 -64 -65 -66 -66 -67 -67 -68 -68 -69 -69 -69 -69 -70 -70 -70 -70 -70 -70 -69 -68 -67 -66 -65 -63 -62 -61 -60 -60 -60 -58 -57 -56 -56 -56 -56 -57 -57 -58 -59 -59 -59 -58 -57 -57 -56 -56 -55 -56 -56 -56 -55 -55 -55 -55 -55 -56 -56 -56 -56 -56 -56 -55 -55 -54 -55 -55
-48 -45 -43 -41 -40 -42 -45 -46 -47 -47 -45 -42 -46 -50 -51 -50 -50 -50 -50 -48 -45 -47 -48 -50 -50 -51 -51 -53 -57 -60 -60 -60 -61 -62 -64 -65 -66 -66 -67 -67 -67 -68 -68 -68 -68 -68 -68 -67 -66 -66 -64 -62 -61 -60 -59 -58 -57 -56 -55 -54 -54 -54 -54 -55 -55 -56 -57 -57 -57 -58 -57 -57 -58 -59 -58 -57 -57 -57 -57 -55 -55 -55 -54 -55 -55 -55 -55 -55 -54 -54 -54 -54 -54 -54
-48 -45 -45 -45 -46 -47 -48 -46 -47 -47 -44 -45 -45 -43 -45 -49 -49 -48 -47 -44 -42 -41 -40 -38 -38 -38 -39 -41 -44 -48 -53 -56 -57 -59 -60 -61 -62 -63 -64 -64 -65 -66 -66 -66 -67 -66 -66 -65 -65 -64 -63 -61 -59 -58 -58 -57 -56 -55 -53 -53 -53 -53 -53 -53 -53 -53 -54 -55 -55 -56 -56 -56 -56 -57 -57 -57 -56 -56 -56 -56 -55 -54 -53 -53 -54 -54 -55 -55 -55 -55 -55 -55 -55 -55
-49 -48 -47 -47 -48 -48 -47 -46 -46 -47 -46 -45 -40 -41 -45 -45 -45 -42 -42 -39 -37 -33 -32 -33 -32 -34 -35 -33 -41 -46 -49 -51 -53 -55 -57 -58 -59 -60 -60 -61 -62 -63 -65 -65 -65 -65 -64 -63 -63 -62 -61 -59 -58 -57 -57 -56 -55 -54 -53 -53 -52 -51 -51 -52 -52 -52 -52 -52 -52 -54 -54 -54 -54 -54 -55 -56 -55 -55 -55 -55 -56 -56 -54 -54 -54 -54 -55 -55 -55 -55 -55 -55 -55 -55
-49 -47 -47 -47 -48 -48 -48 -48 -48 -48 -47 -45 -40 -34 -37 -38 -37 -36 -34 -33 -33 -33 -34 -36 -34 -34 -35 -38 -44 -50 -51 -50 -50 -50 -52 -54 -55 -56 -57 -58 -58 -59 -61 -62 -63 -63 -62 -62 -61 -60 -59 -57 -56 -55 -55 -55 -54 -52 -51 -51 -49 -48 -49 -51 -51 -51 -50 -51 -52 -52 -52 -52 -53 -53 -53 -54 -54 -54 -54 -54 -54 -54 -55 -54 -54 -54 -54 -55 -55 -55 -55 -55 -55 -55
-46 -44 -47 -49 -50 -50 -47 -50 -47 -46 -42 -39 -35 -35 -33 -34 -33 -32 -32 -32 -32 -34 -35 -34 -35 -36 -42 -44 -48 -54 -55 -55 -52 -50 -48 -48 -50 -52 -54 -55 -55 -56 -58 -59 -59 -60 -60 -60 -59 -58 -57 -55 -54 -54 -53 -53 -52 -50 -49 -48 -46 -46 -48 -49 -50 -49 -49 -48 -49 -50 -50 -51 -51 -52 -52 -53 -53 -53 -53 -52 -52 -53 -53 -54 -54 -54 -53 -54 -54 -54 -54 -54 -54 -55
