Data/gebco_2020_n56.0_s55.0_w-8.0_e-6.5.asc
ncols        360
nrows        240
xllcorner    -8.000000000000
yllcorner    55.000000000000
cellsize     0.004166666667
NODATA_value -32767
[rows 42 to 83 of 240, columns 94 to 187 of 360]
-109 -107 -106 -104 -102 -100 -97 -95 -92 -89 -88 -86 -85 -83 -82 -81 -80 -80 -79 -78 -77 -77 -77 -77 -76 -76 -76 -75 -74 -73 -73 -72 -71 -70 -69 -68 -68 -68 -68 -68 -67 -67 -66 -66 -65 -64 -64 -64 -63 -63 -63 -62 -60 -58 -57 -56 -56 -56 -55 -55 -56 -56 -57 -56 -55 -55 -56 -55 -54 -54 -54 -54 -54 -54 -54 -54 -55 -55 -56 -57 -59 -60 -61 -62 -62 -63 -65 -65 -66 -66 -67 -66 -66 -67
-107 -105 -104 -102 -99 -97 -95 -93 -89 -87 -86 -85 -82 -80 -80 -79 -78 -77 -76 -76 -76 -75 -75 -75 -75 -74 -74 -73 -72 -71 -71 -70 -69 -68 -68 -68 -68 -67 -67 -67 -66 -66 -65 -65 -64 -63 -63 -63 -62 -61 -61 -60 -58 -57 -56 -57 -56 -56 -56 -56 -56 -56 -56 -55 -56 -55 -55 -54 -54 -53 -53 -53 -52 -53 -53 -54 -55 -56 -57 -59 -60 -60 -61 -62 -63 -64 -65 -65 -66 -66 -66 -66 -65 -65
-104 -103 -101 -99 -97 -94 -91 -89 -87 -85 -83 -82 -80 -79 -79 -78 -77 -76 -76 -76 -75 -75 -74 -74 -73 -72 -72 -71 -70 -70 -69 -68 -68 -68 -68 -67 -67 -67 -66 -65 -65 -64 -64 -63 -63 -62 -62 -61 -61 -61 -62 -62 -61 -61 -60 -58 -58 -57 -56 -57 -57 -57 -56 -56 -56 -55 -54 -53 -53 -53 -52 -53 -53 -53 -54 -54 -56 -57 -58 -59 -60 -60 -62 -63 -63 -64 -65 -65 -66 -67 -67 -66 -64 -64
-102 -101 -98 -96 -93 -90 -88 -86 -84 -82 -81 -81 -79 -79 -78 -77 -77 -76 -76 -75 -75 -74 -73 -73 -72 -71 -71 -70 -69 -69 -68 -68 -68 -68 -67 -67 -66 -66 -65 -65 -64 -63 -63 -62 -61 -60 -60 -60 -60 -60 -60 -59 -58 -58 -59 -58 -58 -57 -56 -56 -56 -55 -54 -54 -53 -53 -53 -52 -52 -52 -53 -53 -53 -54 -54 -55 -56 -57 -58 -59 -60 -61 -62 -63 -63 -64 -65 -65 -66 -67 -67 -66 -64 -65
-100 -98 -95 -93 -91 -88 -85 -83 -82 -81 -80 -79 -78 -78 -77 -76 -76 -75 -75 -74 -74 -73 -72 -71 -70 -70 -69 -69 -68 -68 -68 -68 -67 -67 -67 -66 -66 -65 -65 -64 -63 -62 -61 -61 -60 -59 -59 -58 -59 -58 -58 -58 -58 -58 -57 -57 -56 -55 -54 -54 -53 -53 -53 -53 -53 -52 -52 -52 -52 -53 -53 -54 -54 -55 -56 -57 -57 -57 -58 -60 -60 -61 -62 -62 -62 -63 -64 -65 -65 -66 -66 -65 -63 -63
-97 -95 -92 -89 -87 -84 -82 -81 -80 -79 -79 -78 -77 -77 -76 -75 -75 -74 -73 -72 -71 -71 -70 -69 -70 -69 -69 -69 -69 -68 -68 -68 -68 -68 -68 -67 -66 -65 -64 -63 -62 -61 -60 -59 -58 -57 -57 -57 -58 -57 -56 -56 -56 -56 -56 -55 -54 -53 -53 -53 -53 -53 -53 -53 -53 -54 -54 -54 -54 -54 -54 -55 -56 -56 -56 -57 -57 -58 -59 -59 -60 -61 -62 -62 -62 -63 -63 -64 -64 -65 -65 -65 -64 -63
-94 -91 -89 -86 -83 -82 -80 -79 -79 -78 -78 -77 -76 -76 -75 -74 -73 -72 -71 -70 -69 -70 -70 -70 -69 -69 -68 -68 -67 -67 -67 -66 -65 -65 -64 -63 -62 -62 -60 -60 -60 -59 -59 -58 -57 -57 -57 -56 -55 -54 -53 -53 -54 -54 -54 -53 -54 -54 -53 -54 -54 -54 -54 -54 -54 -54 -55 -55 -55 -55 -55 -56 -56 -56 -56 -57 -58 -58 -59 -60 -60 -61 -61 -61 -62 -62 -62 -63 -63 -64 -64 -63 -63 -62
-90 -88 -86 -83 -81 -79 -78 -78 -77 -77 -76 -76 -74 -73 -72 -71 -70 -70 -69 -68 -67 -67 -66 -65 -65 -65 -64 -64 -63 -61 -60 -60 -61 -60 -59 -59 -60 -60 -59 -59 -59 -58 -57 -57 -55 -55 -55 -55 -55 -55 -55 -55 -55 -55 -55 -55 -54 -54 -55 -55 -55 -55 -55 -55 -55 -55 -56 -56 -56 -56 -56 -56 -56 -56 -57 -58 -58 -59 -59 -60 -60 -60 -60 -61 -61 -61 -62 -62 -63 -63 -63 -62 -61 -58
-87 -84 -82 -80 -79 -78 -77 -76 -75 -75 -74 -73 -72 -70 -69 -67 -66 -65 -64 -64 -64 -63 -63 -62 -62 -61 -61 -60 -59 -59 -59 -59 -59 -58 -58 -58 -59 -58 -58 -58 -57 -57 -56 -56 -55 -56 -56 -56 -56 -55 -55 -55 -55 -55 -55 -55 -55 -55 -55 -55 -55 -55 -55 -56 -56 -56 -56 -57 -57 -57 -57 -57 -57 -58 -58 -58 -58 -59 -59 -59 -59 -60 -60 -60 -60 -61 -61 -62 -62 -63 -62 -60 -59 -57
-83 -82 -80 -80 -78 -77 -76 -75 -74 -73 -71 -69 -67 -65 -65 -64 -64 -63 -62 -63 -62 -61 -61 -61 -60 -59 -58 -59 -59 -59 -58 -57 -57 -57 -58 -58 -58 -58 -58 -57 -57 -56 -55 -56 -56 -56 -56 -56 -55 -55 -55 -55 -55 -55 -55 -55 -56 -56 -56 -56 -56 -56 -56 -56 -57 -57 -57 -57 -58 -58 -57 -58 -58 -58 -58 -58 -58 -59 -59 -59 -59 -59 -60 -60 -60 -61 -61 -61 -62 -62 -62 -60 -59 -57
-80 -80 -80 -78 -76 -75 -73 -72 -70 -68 -67 -66 -64 -64 -63 -63 -63 -62 -62 -62 -62 -62 -61 -61 -59 -59 -59 -59 -59 -58 -56 -56 -57 -57 -57 -57 -57 -57 -57 -56 -56 -56 -56 -56 -56 -56 -56 -56 -56 -55 -55 -55 -56 -56 -56 -56 -56 -56 -57 -57 -57 -57 -57 -58 -58 -58 -58 -58 -58 -58 -59 -59 -59 -59 -59 -59 -59 -59 -59 -59 -59 -59 -59 -59 -60 -60 -60 -61 -61 -62 -62 -62 -61 -59
-80 -79 -77 -75 -73 -72 -70 -68 -66 -66 -65 -64 -63 -62 -62 -62 -62 -61 -61 -62 -61 -60 -60 -61 -60 -59 -59 -58 -57 -55 -56 -56 -56 -56 -56 -57 -57 -57 -56 -56 -56 -56 -56 -56 -56 -56 -56 -56 -56 -56 -56 -56 -56 -56 -56 -57 -57 -57 -58 -58 -59 -59 -59 -59 -58 -58 -58 -59 -59 -60 -60 -60 -60 -60 -60 -59 -59 -59 -59 -59 -59 -59 -59 -59 -59 -60 -60 -60 -61 -61 -62 -62 -62 -61
-78 -77 -75 -72 -70 -68 -66 -65 -64 -64 -63 -63 -62 -61 -61 -62 -61 -61 -60 -60 -59 -59 -59 -59 -58 -57 -57 -57 -56 -55 -54 -55 -55 -56 -56 -57 -56 -56 -56 -56 -56 -56 -56 -56 -56 -56 -56 -56 -56 -56 -56 -56 -57 -57 -57 -57 -58 -58 -59 -59 -60 -60 -60 -59 -59 -59 -60 -60 -61 -61 -61 -60 -60 -59 -59 -59 -59 -59 -59 -59 -59 -59 -59 -60 -60 -60 -60 -60 -60 -60 -60 -61 -61 -60
-75 -73 -70 -68 -66 -64 -63 -62 -62 -62 -62 -62 -61 -61 -61 -60 -59 -59 -58 -58 -58 -58 -56 -57 -56 -56 -57 -56 -55 -54 -54 -55 -56 -56 -57 -57 -56 -56 -56 -56 -56 -56 -56 -56 -56 -56 -56 -56 -57 -57 -57 -57 -57 -57 -57 -58 -58 -59 -60 -60 -61 -61 -60 -60 -61 -61 -61 -61 -62 -61 -60 -60 -59 -59 -59 -59 -59 -59 -59 -59 -59 -59 -60 -60 -60 -60 -60 -60 -60 -60 -60 -60 -60 -59
-71 -68 -66 -65 -64 -62 -62 -61 -61 -61 -61 -61 -61 -61 -59 -58 -58 -58 -57 -56 -56 -55 -55 -55 -55 -55 -55 -54 -54 -54 -55 -56 -56 -56 -57 -56 -56 -56 -56 -56 -56 -56 -56 -56 -56 -56 -57 -57 -57 -57 -57 -57 -57 -58 -58 -58 -59 -60 -60 -61 -61 -61 -61 -62 -62 -63 -63 -62 -62 -61 -60 -59 -59 -59 -59 -59 -58 -58 -58 -59 -59 -59 -59 -59 -59 -59 -60 -60 -59 -59 -59 -59 -59 -58
-67 -65 -64 -63 -63 -62 -62 -62 -61 -61 -61 -60 -59 -59 -58 -58 -57 -57 -55 -54 -54 -54 -53 -53 -53 -54 -54 -54 -55 -55 -56 -56 -56 -57 -57 -56 -56 -56 -56 -56 -56 -56 -56 -56 -56 -57 -57 -57 -57 -57 -57 -57 -58 -58 -59 -59 -60 -60 -61 -61 -61 -61 -62 -63 -63 -64 -63 -63 -62 -60 -59 -59 -58 -58 -58 -58 -58 -58 -58 -58 -58 -58 -58 -58 -59 -59 -59 -59 -59 -59 -58 -58 -57 -57
-64 -63 -62 -62 -62 -61 -61 -60 -60 -59 -58 -58 -57 -58 -57 -56 -55 -54 -53 -53 -54 -54 -54 -55 -55 -55 -55 -55 -55 -55 -56 -56 -57 -57 -57 -56 -56 -56 -56 -56 -56 -57 -57 -57 -57 -57 -57 -57 -57 -57 -58 -58 -59 -59 -60 -60 -61 -61 -61 -61 -62 -63 -63 -64 -65 -65 -64 -63 -62 -61 -60 -59 -59 -58 -58 -58 -58 -58 -58 -57 -57 -57 -57 -57 -58 -58 -58 -58 -58 -58 -57 -57 -56 -57
-63 -62 -61 -61 -61 -59 -59 -59 -58 -58 -57 -57 -56 -56 -55 -54 -54 -53 -53 -54 -54 -55 -55 -55 -55 -55 -55 -55 -56 -56 -56 -56 -57 -56 -56 -56 -57 -57 -57 -56 -57 -57 -57 -57 -57 -57 -57 -57 -58 -58 -59 -59 -60 -60 -61 -61 -60 -61 -61 -62 -63 -64 -65 -65 -65 -65 -64 -63 -63 -61 -60 -60 -59 -59 -58 -58 -58 -57 -57 -57 -57 -57 -57 -57 -57 -57 -57 -57 -57 -57 -56 -56 -56 -56
-61 -62 -61 -61 -60 -60 -60 -59 -58 -57 -57 -56 -56 -55 -54 -54 -54 -54 -54 -54 -55 -55 -55 -55 -55 -55 -55 -55 -56 -56 -56 -57 -56 -56 -56 -56 -56 -56 -56 -56 -56 -56 -56 -57 -57 -57 -57 -58 -58 -59 -60 -60 -61 -62 -62 -63 -63 -62 -63 -64 -65 -65 -65 -65 -65 -65 -64 -64 -63 -62 -61 -61 -60 -59 -59 -58 -58 -57 -57 -57 -57 -56 -57 -57 -56 -56 -56 -56 -56 -56 -56 -56 -56 -56
-62 -61 -61 -61 -60 -59 -59 -59 -57 -57 -56 -55 -54 -54 -54 -55 -55 -55 -55 -55 -55 -55 -55 -55 -55 -55 -56 -56 -56 -57 -57 -57 -57 -57 -56 -56 -56 -57 -57 -56 -56 -56 -57 -57 -57 -58 -58 -59 -59 -60 -61 -62 -62 -62 -63 -64 -64 -64 -64 -65 -65 -65 -65 -65 -65 -65 -64 -64 -64 -63 -62 -62 -61 -60 -59 -58 -58 -58 -57 -57 -57 -57 -57 -57 -56 -56 -56 -56 -55 -54 -53 -52 -52 -52
-62 -61 -61 -60 -60 -59 -58 -57 -57 -56 -55 -54 -53 -54 -54 -55 -55 -55 -55 -55 -55 -55 -55 -55 -55 -56 -56 -56 -57 -57 -57 -57 -57 -57 -57 -57 -57 -57 -57 -56 -57 -57 -57 -57 -58 -58 -59 -60 -60 -61 -62 -62 -62 -62 -63 -64 -64 -65 -66 -66 -65 -65 -65 -65 -65 -64 -64 -65 -64 -63 -62 -62 -61 -60 -60 -59 -58 -58 -57 -56 -56 -56 -57 -56 -56 -56 -56 -55 -54 -52 -51 -51 -51 -51
-61 -61 -60 -60 -59 -58 -58 -57 -56 -55 -54 -53 -54 -54 -54 -55 -55 -55 -55 -55 -55 -55 -55 -55 -56 -56 -56 -57 -57 -57 -57 -57 -57 -57 -57 -57 -57 -57 -57 -57 -57 -57 -58 -58 -59 -59 -60 -60 -61 -61 -61 -62 -62 -62 -63 -64 -65 -66 -66 -66 -66 -66 -65 -65 -65 -64 -64 -64 -63 -62 -61 -61 -60 -60 -60 -59 -59 -58 -58 -57 -55 -55 -54 -53 -52 -52 -52 -54 -54 -53 -52 -51 -51 -50
-60 -60 -60 -59 -59 -58 -58 -56 -54 -53 -54 -54 -54 -55 -55 -55 -55 -55 -55 -55 -55 -55 -55 -56 -56 -56 -57 -57 -57 -57 -57 -57 -57 -57 -57 -57 -57 -57 -57 -57 -57 -58 -58 -59 -59 -60 -60 -61 -62 -62 -63 -63 -63 -64 -65 -66 -66 -66 -66 -66 -66 -66 -65 -65 -64 -63 -63 -63 -62 -61 -60 -60 -60 -60 -59 -59 -58 -58 -57 -57 -54 -54 -54 -54 -54 -55 -55 -56 -55 -53 -52 -50 -49 -49
-60 -60 -59 -59 -59 -59 -57 -55 -54 -54 -54 -55 -55 -55 -55 -55 -54 -54 -55 -55 -55 -55 -56 -56 -56 -57 -57 -57 -58 -58 -57 -57 -57 -57 -57 -57 -57 -57 -57 -58 -58 -59 -59 -60 -60 -61 -61 -62 -62 -62 -62 -63 -64 -65 -65 -65 -66 -66 -66 -66 -66 -65 -65 -65 -64 -63 -63 -63 -62 -60 -60 -60 -60 -59 -58 -58 -57 -56 -56 -57 -57 -57 -57 -57 -57 -56 -56 -55 -55 -54 -52 -50 -49 -48
-60 -60 -60 -59 -59 -59 -57 -55 -55 -54 -54 -55 -55 -55 -55 -55 -55 -55 -55 -55 -55 -56 -56 -57 -57 -58 -58 -58 -58 -58 -58 -57 -58 -58 -58 -57 -58 -58 -58 -59 -59 -60 -60 -60 -61 -61 -61 -61 -61 -62 -62 -63 -64 -64 -65 -65 -66 -66 -66 -66 -66 -65 -65 -65 -63 -63 -63 -62 -61 -60 -59 -60 -59 -59 -58 -58 -57 -57 -58 -59 -60 -59 -59 -58 -57 -57 -56 -55 -55 -53 -52 -49 -48 -48
-60 -60 -60 -59 -59 -57 -55 -55 -55 -55 -55 -55 -55 -55 -55 -55 -55 -55 -55 -55 -56 -56 -57 -57 -57 -57 -58 -58 -58 -58 -58 -58 -58 -58 -58 -58 -59 -59 -59 -59 -60 -60 -60 -61 -61 -61 -62 -63 -63 -64 -64 -64 -64 -64 -65 -65 -66 -66 -66 -66 -66 -66 -66 -65 -64 -63 -63 -62 -60 -60 -60 -60 -60 -59 -59 -58 -59 -60 -61 -61 -60 -59 -59 -57 -56 -53 -51 -50 -51 -52 -52 -51 -50 -50
-60 -60 -59 -58 -56 -55 -55 -55 -55 -55 -55 -55 -55 -55 -55 -55 -55 -56 -56 -56 -56 -56 -57 -57 -57 -57 -58 -58 -58 -58 -58 -58 -59 -59 -59 -59 -59 -59 -60 -60 -61 -61 -61 -62 -62 -62 -63 -63 -63 -63 -63 -63 -64 -64 -65 -66 -66 -66 -66 -66 -66 -66 -66 -65 -64 -63 -62 -61 -60 -60 -60 -60 -60 -59 -59 -59 -59 -60 -60 -60 -59 -57 -55 -54 -53 -53 -52 -53 -54 -55 -54 -53 -52 -52
-59 -58 -57 -56 -56 -55 -56 -56 -56 -56 -56 -56 -56 -56 -56 -56 -56 -57 -57 -57 -57 -57 -57 -57 -57 -58 -58 -58 -58 -59 -59 -59 -60 -60 -60 -60 -60 -60 -61 -61 -61 -61 -61 -62 -62 -63 -63 -63 -63 -64 -64 -64 -64 -64 -64 -64 -64 -64 -64 -65 -65 -66 -66 -65 -64 -63 -61 -60 -60 -60 -60 -60 -59 -59 -58 -58 -58 -58 -57 -56 -54 -53 -53 -53 -53 -52 -52 -52 -54 -55 -55 -54 -53 -53
-58 -58 -57 -57 -57 -57 -56 -56 -56 -56 -56 -57 -57 -57 -57 -57 -57 -58 -58 -58 -58 -58 -58 -58 -58 -58 -58 -58 -59 -59 -60 -60 -60 -61 -61 -61 -61 -61 -61 -61 -61 -62 -62 -63 -63 -63 -63 -63 -64 -64 -64 -64 -64 -64 -64 -65 -65 -65 -65 -66 -66 -66 -66 -65 -64 -62 -61 -61 -60 -60 -60 -59 -58 -58 -57 -57 -57 -56 -56 -55 -53 -53 -53 -54 -53 -53 -53 -54 -55 -56 -55 -54 -53 -53
-58 -58 -58 -58 -58 -58 -58 -57 -57 -58 -58 -58 -58 -58 -58 -58 -58 -58 -58 -58 -58 -58 -58 -58 -59 -59 -59 -59 -60 -60 -61 -61 -61 -61 -61 -61 -61 -61 -62 -62 -62 -63 -63 -63 -63 -63 -63 -64 -64 -64 -64 -64 -64 -64 -64 -65 -65 -65 -65 -66 -66 -66 -65 -64 -63 -62 -61 -61 -60 -60 -59 -58 -58 -57 -57 -56 -56 -56 -56 -55 -54 -54 -55 -56 -55 -54 -54 -55 -56 -55 -54 -53 -52 -51
-59 -59 -59 -59 -59 -59 -58 -58 -59 -59 -59 -59 -59 -59 -58 -58 -59 -59 -59 -59 -59 -59 -60 -60 -60 -59 -59 -60 -60 -60 -61 -61 -61 -61 -61 -62 -62 -62 -63 -63 -63 -63 -63 -63 -63 -63 -64 -64 -64 -64 -64 -64 -65 -65 -65 -65 -65 -65 -65 -65 -65 -65 -65 -64 -62 -62 -61 -60 -60 -59 -59 -58 -57 -57 -56 -56 -56 -56 -56 -55 -55 -55 -55 -56 -57 -56 -56 -56 -56 -54 -53 -52 -52 -52
-60 -60 -60 -60 -60 -60 -60 -60 -60 -59 -59 -59 -59 -59 -59 -59 -59 -59 -59 -60 -60 -61 -61 -60 -60 -60 -60 -60 -61 -61 -61 -61 -62 -62 -62 -62 -62 -63 -63 -63 -63 -64 -64 -64 -64 -64 -64 -64 -64 -64 -65 -65 -65 -65 -65 -65 -65 -65 -65 -65 -65 -65 -64 -63 -61 -61 -60 -60 -59 -59 -58 -57 -57 -57 -57 -58 -58 -58 -57 -57 -57 -57 -57 -57 -57 -56 -56 -56 -55 -54 -53 -52 -52 -52
-61 -61 -61 -61 -61 -61 -61 -60 -60 -60 -60 -59 -59 -59 -59 -60 -60 -60 -60 -61 -61 -61 -61 -60 -61 -61 -61 -61 -61 -61 -62 -62 -62 -62 -62 -63 -63 -63 -63 -64 -64 -64 -64 -64 -65 -65 -64 -64 -64 -65 -65 -65 -65 -65 -65 -65 -65 -64 -64 -64 -64 -64 -62 -61 -60 -60 -59 -59 -59 -58 -58 -57 -58 -58 -59 -59 -60 -60 -59 -59 -59 -58 -58 -57 -56 -56 -55 -55 -54 -53 -52 -51 -51 -51
-62 -61 -61 -61 -61 -61 -61 -60 -60 -60 -60 -60 -60 -60 -60 -61 -61 -61 -61 -61 -61 -61 -61 -61 -61 -61 -61 -61 -61 -61 -62 -62 -62 -62 -63 -63 -63 -63 -63 -63 -64 -64 -64 -64 -64 -65 -65 -65 -65 -65 -65 -65 -65 -65 -65 -64 -64 -64 -64 -63 -63 -62 -61 -60 -60 -60 -60 -60 -60 -60 -59 -58 -58 -59 -59 -59 -59 -59 -59 -59 -58 -58 -57 -57 -56 -55 -55 -54 -53 -52 -51 -50 -50 -51
-62 -62 -61 -61 -61 -61 -61 -61 -61 -61 -61 -60 -60 -61 -61 -61 -61 -62 -62 -62 -61 -62 -62 -62 -62 -62 -61 -61 -61 -62 -62 -62 -62 -63 -63 -62 -63 -63 -63 -63 -64 -64 -65 -65 -65 -65 -65 -65 -65 -65 -65 -65 -64 -64 -64 -64 -64 -63 -63 -63 -62 -61 -61 -61 -60 -61 -61 -61 -61 -61 -60 -60 -60 -60 -60 -60 -59 -59 -59 -58 -58 -58 -57 -56 -56 -55 -54 -53 -52 -51 -51 -50 -51 -51
-62 -62 -62 -61 -61 -61 -61 -61 -61 -61 -61 -61 -61 -62 -62 -62 -62 -62 -62 -62 -62 -63 -63 -63 -63 -63 -62 -62 -62 -62 -62 -62 -61 -62 -62 -62 -62 -63 -63 -64 -64 -65 -65 -65 -65 -66 -66 -65 -65 -65 -65 -64 -64 -64 -64 -64 -63 -63 -62 -61 -61 -61 -61 -61 -61 -61 -61 -61 -61 -60 -60 -60 -60 -60 -59 -59 -59 -59 -59 -58 -58 -57 -56 -56 -56 -56 -55 -55 -54 -52 -51 -50 -51 -51
-63 -62 -62 -61 -61 -61 -61 -61 -62 -62 -62 -62 -62 -62 -62 -62 -62 -62 -62 -62 -62 -63 -63 -63 -63 -63 -63 -63 -63 -63 -62 -62 -61 -61 -62 -62 -63 -64 -64 -64 -65 -65 -65 -66 -66 -66 -65 -65 -65 -65 -64 -64 -63 -63 -63 -63 -62 -61 -61 -60 -60 -59 -60 -60 -61 -61 -61 -61 -60 -60 -60 -60 -60 -59 -59 -59 -59 -58 -58 -58 -57 -56 -56 -56 -56 -56 -56 -55 -54 -52 -51 -51 -51 -51
-62 -61 -61 -61 -61 -61 -61 -62 -62 -62 -63 -63 -63 -63 -63 -62 -62 -62 -62 -62 -63 -63 -63 -63 -64 -64 -64 -64 -63 -62 -62 -62 -62 -62 -63 -63 -63 -64 -64 -64 -65 -65 -65 -66 -66 -66 -66 -66 -65 -65 -64 -63 -61 -61 -61 -61 -60 -60 -60 -60 -60 -60 -61 -61 -61 -61 -61 -60 -60 -60 -60 -59 -59 -59 -59 -59 -58 -58 -58 -58 -57 -56 -56 -56 -56 -56 -56 -55 -54 -52 -51 -51 -51 -52
-63 -62 -61 -61 -61 -62 -62 -62 -62 -63 -63 -63 -63 -63 -63 -63 -63 -63 -63 -63 -63 -63 -63 -63 -64 -64 -64 -64 -64 -64 -64 -64 -64 -65 -64 -64 -64 -64 -64 -65 -65 -65 -66 -66 -66 -66 -66 -66 -66 -65 -65 -63 -61 -60 -61 -61 -61 -61 -61 -61 -61 -61 -61 -61 -61 -61 -61 -60 -60 -59 -59 -59 -59 -59 -59 -58 -58 -58 -57 -56 -56 -56 -56 -56 -56 -56 -56 -55 -54 -52 -52 -52 -52 -53
-63 -62 -61 -61 -61 -62 -62 -62 -63 -63 -63 -63 -63 -63 -63 -63 -63 -63 -63 -64 -64 -64 -63 -63 -63 -63 -64 -64 -64 -65 -65 -65 -65 -65 -65 -66 -66 -66 -66 -65 -65 -65 -65 -66 -66 -66 -66 -66 -66 -66 -65 -64 -63 -63 -63 -63 -64 -63 -63 -62 -62 -62 -61 -61 -61 -61 -61 -60 -59 -59 -59 -59 -59 -58 -58 -58 -58 -57 -56 -56 -56 -56 -56 -56 -56 -56 -55 -55 -55 -53 -53 -54 -53 -54
-63 -62 -61 -61 -61 -61 -62 -62 -62 -62 -62 -63 -63 -63 -63 -63 -63 -63 -63 -63 -63 -63 -63 -64 -64 -64 -64 -65 -65 -65 -66 -66 -66 -66 -66 -66 -67 -67 -67 -66 -66 -65 -65 -65 -65 -65 -65 -66 -66 -66 -65 -64 -64 -63 -63 -64 -64 -64 -64 -63 -63 -62 -62 -61 -61 -61 -60 -60 -59 -59 -59 -58 -58 -58 -58 -57 -57 -57 -57 -56 -56 -56 -56 -55 -56 -55 -55 -55 -55 -55 -54 -53 -53 -54
-63 -62 -62 -62 -62 -62 -62 -62 -62 -62 -62 -62 -62 -62 -63 -63 -63 -63 -64 -64 -64 -64 -64 -64 -64 -64 -64 -65 -65 -65 -66 -66 -67 -67 -67 -66 -67 -67 -67 -67 -66 -65 -64 -64 -64 -64 -65 -65 -65 -65 -65 -64 -64 -64 -64 -64 -64 -63 -63 -63 -62 -62 -61 -61 -61 -61 -60 -60 -59 -59 -59 -58 -58 -58 -57 -56 -57 -57 -56 -56 -56 -56 -55 -55 -55 -55 -55 -55 -55 -55 -54 -54 -54 -54
