Data/gebco_2020_n56.0_s55.0_w-8.0_e-6.5.asc
ncols        360
nrows        240
xllcorner    -8.000000000000
yllcorner    55.000000000000
cellsize     0.004166666667
NODATA_value -32767
[rows 126 to 167 of 240, columns 0 to 93 of 360]
-74 -74 -74 -73 -73 -73 -73 -72 -72 -73 -73 -72 -72 -72 -71 -70 -70 -71 -72 -72 -72 -72 -71 -70 -70 -69 -69 -69 -69 -69 -68 -67 -66 -65 -64 -63 -62 -61 -60 -59 -59 -58 -59 -59 -59 -59 -59 -58 -58 -59 -59 -59 -59 -60 -60 -61 -61 -61 -60 -60 -60 -60 -60 -60 -61 -61 -60 -59 -57 -57 -58 -58 -59 -59 -59 -60 -60 -61 -62 -62 -61 -60 -58 -58 -59 -61 -61 -59 -59 -59 -59 -59 -59 -59
-76 -76 -75 -74 -74 -73 -73 -72 -72 -72 -72 -72 -71 -71 -69 -69 -70 -71 -71 -71 -71 -71 -70 -71 -70 -70 -69 -69 -68 -67 -67 -66 -65 -64 -63 -62 -61 -61 -60 -60 -59 -59 -58 -59 -59 -59 -59 -59 -59 -59 -59 -59 -60 -60 -61 -61 -61 -60 -60 -59 -59 -60 -60 -60 -59 -59 -59 -58 -57 -57 -58 -58 -59 -60 -60 -61 -61 -61 -62 -62 -61 -60 -59 -58 -58 -58 -58 -58 -57 -57 -57 -57 -57 -57
-77 -77 -76 -76 -75 -74 -74 -74 -73 -72 -71 -70 -71 -71 -70 -70 -70 -70 -70 -70 -70 -70 -70 -70 -70 -69 -69 -68 -68 -67 -66 -65 -64 -64 -63 -62 -61 -61 -60 -60 -60 -60 -60 -60 -60 -60 -59 -59 -59 -59 -59 -59 -60 -60 -61 -61 -61 -60 -59 -58 -58 -59 -59 -59 -57 -56 -56 -56 -56 -56 -57 -58 -58 -59 -59 -60 -60 -61 -61 -61 -60 -59 -58 -58 -58 -57 -57 -57 -57 -57 -56 -56 -56 -56
-77 -76 -76 -76 -75 -75 -75 -74 -74 -72 -71 -69 -69 -70 -70 -69 -69 -70 -70 -69 -69 -69 -69 -69 -69 -68 -67 -67 -66 -66 -65 -65 -64 -63 -62 -62 -62 -62 -61 -61 -61 -61 -60 -60 -60 -60 -60 -60 -60 -60 -59 -59 -59 -59 -60 -60 -60 -60 -59 -58 -58 -57 -58 -58 -56 -55 -56 -56 -56 -56 -57 -57 -57 -58 -59 -59 -59 -60 -59 -59 -59 -58 -58 -58 -58 -57 -56 -56 -56 -56 -56 -56 -55 -55
-75 -75 -76 -76 -76 -75 -74 -74 -73 -72 -72 -71 -70 -69 -69 -68 -68 -68 -68 -68 -69 -69 -69 -69 -68 -67 -66 -65 -65 -64 -64 -64 -64 -63 -63 -62 -61 -61 -61 -61 -61 -61 -61 -61 -60 -60 -60 -60 -60 -60 -60 -60 -59 -59 -59 -59 -59 -58 -57 -57 -56 -57 -56 -56 -55 -55 -55 -56 -56 -56 -57 -57 -57 -57 -58 -58 -59 -59 -59 -58 -58 -58 -58 -58 -57 -57 -57 -56 -56 -56 -55 -55 -55 -55
-76 -75 -75 -76 -75 -74 -73 -72 -72 -72 -72 -71 -71 -70 -69 -69 -68 -68 -67 -67 -67 -67 -67 -66 -66 -66 -65 -65 -64 -64 -64 -63 -63 -62 -62 -62 -61 -61 -61 -61 -61 -61 -60 -60 -60 -59 -59 -59 -59 -59 -59 -58 -58 -58 -58 -58 -58 -57 -56 -56 -55 -55 -55 -55 -55 -55 -55 -56 -56 -56 -56 -57 -57 -57 -57 -57 -58 -58 -59 -58 -57 -57 -57 -57 -57 -56 -56 -54 -54 -54 -54 -54 -54 -54
-76 -75 -75 -74 -74 -73 -73 -72 -72 -71 -71 -70 -70 -69 -68 -68 -67 -67 -66 -66 -66 -66 -65 -65 -64 -64 -64 -64 -64 -63 -63 -62 -62 -62 -62 -61 -61 -61 -61 -61 -60 -60 -60 -59 -58 -58 -58 -59 -58 -58 -58 -58 -58 -58 -57 -57 -57 -56 -56 -56 -56 -55 -55 -55 -56 -56 -56 -56 -56 -56 -56 -56 -55 -55 -56 -56 -56 -57 -59 -59 -58 -57 -57 -57 -56 -56 -54 -53 -53 -53 -53 -53 -53 -53
-74 -73 -73 -73 -72 -72 -72 -71 -71 -70 -70 -69 -69 -68 -67 -66 -66 -66 -66 -66 -65 -64 -64 -63 -64 -64 -64 -64 -63 -63 -63 -62 -62 -62 -62 -62 -62 -61 -60 -60 -60 -60 -59 -60 -60 -61 -60 -59 -59 -58 -57 -57 -56 -56 -56 -56 -56 -56 -56 -55 -55 -55 -55 -56 -56 -56 -57 -57 -57 -56 -56 -56 -55 -55 -55 -55 -55 -55 -56 -56 -56 -56 -56 -56 -56 -56 -55 -54 -53 -52 -52 -52 -52 -53
-73 -72 -71 -71 -71 -71 -71 -70 -70 -69 -68 -67 -67 -67 -66 -65 -65 -65 -66 -65 -64 -63 -63 -64 -65 -65 -64 -63 -63 -62 -62 -62 -62 -62 -62 -62 -62 -61 -61 -60 -60 -60 -60 -60 -60 -60 -60 -59 -58 -55 -53 -54 -55 -55 -55 -56 -55 -55 -55 -55 -55 -55 -55 -55 -56 -56 -56 -55 -55 -54 -54 -54 -55 -55 -55 -55 -55 -55 -55 -56 -56 -56 -56 -56 -56 -55 -55 -54 -52 -51 -51 -51 -52 -52
-72 -70 -70 -70 -71 -71 -70 -70 -69 -68 -67 -66 -67 -66 -65 -64 -64 -66 -66 -65 -63 -63 -63 -63 -63 -63 -63 -62 -62 -62 -62 -62 -62 -62 -61 -61 -61 -62 -61 -60 -60 -59 -58 -59 -59 -59 -58 -57 -55 -52 -50 -51 -52 -53 -54 -55 -55 -55 -55 -55 -55 -55 -55 -55 -55 -55 -53 -51 -51 -51 -50 -51 -53 -54 -54 -55 -55 -55 -55 -56 -56 -56 -56 -55 -55 -55 -54 -53 -52 -51 -50 -51 -51 -51
-71 -70 -70 -70 -70 -70 -70 -69 -69 -68 -66 -66 -66 -66 -65 -64 -64 -64 -64 -65 -64 -62 -62 -63 -63 -63 -63 -63 -63 -63 -62 -61 -61 -61 -61 -61 -62 -62 -62 -61 -59 -58 -58 -58 -58 -58 -57 -54 -51 -49 -49 -50 -51 -52 -53 -53 -53 -53 -54 -54 -55 -55 -55 -55 -55 -54 -52 -49 -48 -48 -48 -50 -51 -52 -54 -54 -55 -56 -56 -56 -56 -56 -55 -54 -53 -51 -52 -52 -52 -51 -51 -51 -51 -52
-70 -69 -69 -69 -69 -69 -69 -68 -68 -67 -66 -65 -65 -65 -64 -63 -63 -63 -63 -64 -63 -62 -62 -64 -64 -64 -64 -64 -64 -64 -63 -62 -61 -61 -61 -62 -62 -62 -62 -61 -59 -57 -57 -57 -57 -56 -54 -51 -48 -48 -49 -50 -51 -52 -52 -53 -53 -52 -52 -53 -54 -55 -55 -55 -55 -55 -53 -49 -49 -49 -49 -50 -51 -53 -54 -55 -55 -56 -56 -57 -57 -57 -56 -52 -51 -53 -53 -54 -55 -55 -55 -54 -53 -53
-70 -69 -69 -69 -69 -69 -68 -68 -67 -67 -66 -65 -64 -65 -64 -64 -64 -64 -64 -64 -64 -63 -63 -63 -64 -64 -64 -64 -64 -63 -62 -62 -62 -62 -62 -62 -62 -62 -61 -60 -58 -56 -56 -56 -55 -54 -51 -48 -47 -47 -49 -50 -51 -52 -53 -53 -53 -53 -53 -53 -53 -54 -54 -54 -55 -55 -53 -51 -51 -51 -51 -52 -53 -54 -55 -55 -56 -56 -56 -57 -57 -57 -56 -54 -56 -57 -57 -57 -56 -56 -57 -56 -55 -55
-69 -69 -69 -68 -68 -68 -67 -67 -66 -66 -66 -66 -65 -65 -65 -65 -64 -64 -64 -64 -64 -64 -64 -64 -63 -63 -64 -63 -63 -62 -63 -63 -63 -63 -62 -62 -61 -60 -60 -59 -57 -56 -55 -54 -52 -50 -48 -47 -47 -49 -51 -52 -52 -52 -53 -53 -53 -54 -54 -54 -54 -54 -54 -54 -54 -54 -54 -52 -51 -51 -52 -53 -54 -55 -56 -56 -56 -57 -57 -57 -57 -57 -56 -56 -56 -57 -57 -57 -57 -57 -57 -56 -55 -56
-69 -68 -68 -68 -68 -67 -67 -66 -66 -66 -66 -66 -66 -65 -65 -65 -64 -64 -64 -64 -64 -64 -64 -64 -63 -63 -62 -61 -62 -62 -62 -62 -62 -61 -61 -60 -59 -58 -57 -57 -56 -55 -53 -52 -49 -48 -47 -47 -49 -51 -52 -52 -52 -53 -53 -53 -54 -55 -55 -56 -56 -56 -56 -55 -55 -54 -54 -53 -52 -52 -52 -53 -54 -55 -56 -56 -57 -57 -57 -57 -57 -57 -57 -57 -56 -56 -56 -56 -56 -56 -56 -55 -55 -55
-68 -67 -67 -67 -67 -67 -66 -66 -66 -65 -65 -65 -65 -65 -64 -64 -64 -64 -64 -64 -64 -64 -64 -63 -62 -62 -62 -62 -62 -62 -62 -61 -61 -60 -59 -58 -57 -56 -55 -54 -53 -51 -50 -48 -47 -47 -48 -49 -52 -52 -52 -52 -53 -53 -53 -53 -54 -55 -56 -56 -56 -56 -56 -56 -56 -55 -55 -54 -53 -53 -53 -53 -54 -55 -55 -56 -56 -56 -56 -56 -56 -56 -57 -57 -56 -56 -56 -56 -55 -54 -54 -54 -54 -53
-66 -66 -66 -66 -66 -66 -66 -66 -66 -65 -65 -65 -65 -65 -64 -64 -64 -64 -64 -63 -63 -63 -63 -62 -61 -61 -61 -61 -61 -60 -60 -59 -59 -57 -56 -54 -52 -51 -50 -50 -49 -49 -49 -48 -48 -49 -51 -52 -52 -52 -52 -52 -52 -52 -52 -53 -53 -54 -55 -55 -56 -56 -56 -56 -56 -56 -55 -55 -55 -54 -54 -54 -54 -54 -55 -55 -55 -55 -55 -55 -55 -55 -55 -55 -55 -55 -55 -55 -54 -54 -53 -53 -53 -53
-66 -66 -66 -66 -66 -66 -66 -66 -65 -65 -65 -65 -64 -64 -64 -64 -63 -63 -63 -63 -62 -62 -61 -60 -58 -57 -58 -58 -58 -57 -57 -56 -54 -52 -50 -50 -50 -50 -50 -50 -50 -50 -50 -50 -51 -51 -51 -52 -52 -51 -51 -51 -51 -51 -52 -52 -52 -53 -54 -54 -55 -55 -55 -56 -56 -56 -56 -56 -55 -55 -55 -54 -54 -54 -54 -54 -55 -55 -55 -55 -54 -54 -53 -53 -53 -53 -53 -53 -53 -53 -53 -52 -52 -51
-65 -66 -66 -66 -65 -65 -65 -65 -64 -64 -64 -64 -64 -64 -64 -63 -63 -63 -62 -62 -61 -61 -60 -59 -58 -57 -56 -55 -55 -54 -54 -54 -53 -53 -52 -52 -52 -52 -52 -52 -52 -52 -52 -51 -51 -51 -51 -52 -52 -51 -51 -51 -51 -51 -51 -51 -52 -52 -52 -53 -53 -54 -54 -54 -54 -54 -55 -55 -55 -55 -55 -55 -54 -53 -53 -54 -54 -54 -55 -54 -54 -54 -53 -53 -53 -53 -52 -52 -52 -52 -52 -52 -51 -50
-66 -66 -66 -66 -65 -65 -65 -65 -64 -64 -64 -63 -63 -64 -64 -63 -63 -62 -61 -60 -59 -58 -58 -58 -57 -56 -56 -56 -57 -57 -57 -57 -56 -56 -55 -54 -54 -54 -54 -54 -53 -53 -52 -52 -52 -52 -51 -51 -52 -52 -51 -51 -51 -50 -51 -51 -51 -51 -51 -52 -53 -53 -54 -54 -54 -54 -54 -54 -54 -54 -54 -54 -53 -53 -53 -53 -54 -54 -54 -54 -54 -53 -53 -53 -52 -52 -51 -52 -51 -51 -51 -51 -50 -48
-67 -67 -66 -66 -66 -65 -65 -65 -64 -63 -63 -63 -63 -63 -63 -63 -63 -61 -61 -60 -59 -59 -58 -57 -57 -56 -56 -57 -57 -58 -58 -57 -57 -57 -56 -56 -55 -54 -54 -53 -52 -52 -52 -52 -51 -51 -51 -51 -51 -51 -51 -51 -51 -50 -50 -50 -50 -50 -51 -51 -52 -52 -53 -53 -54 -54 -54 -54 -54 -54 -53 -53 -53 -52 -53 -53 -54 -54 -54 -54 -53 -52 -52 -51 -51 -51 -51 -51 -50 -50 -50 -49 -48 -46
-67 -67 -66 -66 -66 -65 -65 -64 -64 -63 -63 -63 -63 -63 -63 -62 -62 -61 -60 -59 -58 -59 -58 -57 -57 -58 -58 -58 -58 -58 -58 -57 -57 -57 -56 -55 -54 -54 -54 -53 -53 -52 -52 -52 -51 -51 -51 -51 -51 -51 -51 -51 -51 -50 -50 -50 -50 -50 -51 -51 -51 -51 -52 -52 -52 -53 -53 -53 -53 -53 -53 -53 -53 -52 -52 -52 -53 -53 -53 -53 -52 -51 -51 -51 -51 -50 -49 -49 -49 -49 -48 -47 -47 -46
-67 -67 -66 -66 -66 -65 -65 -64 -64 -63 -63 -63 -63 -62 -62 -62 -61 -61 -60 -59 -58 -58 -58 -58 -58 -58 -58 -58 -58 -57 -57 -56 -56 -56 -56 -55 -54 -54 -54 -53 -52 -51 -52 -51 -52 -52 -51 -51 -51 -51 -51 -51 -51 -51 -51 -50 -50 -50 -50 -50 -50 -51 -51 -51 -52 -52 -52 -52 -51 -52 -52 -53 -53 -52 -52 -52 -52 -52 -52 -52 -51 -51 -51 -51 -50 -50 -49 -49 -49 -48 -47 -46 -46 -46
-67 -67 -66 -66 -66 -65 -65 -65 -64 -63 -63 -62 -62 -62 -62 -61 -61 -60 -59 -59 -58 -58 -58 -58 -58 -58 -58 -58 -57 -57 -56 -56 -55 -55 -55 -54 -53 -53 -52 -51 -51 -51 -52 -52 -52 -53 -52 -52 -52 -52 -52 -52 -51 -51 -50 -49 -49 -49 -50 -50 -50 -50 -51 -51 -51 -51 -52 -52 -51 -51 -52 -52 -52 -52 -52 -51 -51 -51 -51 -51 -51 -51 -51 -50 -49 -49 -50 -50 -49 -49 -48 -48 -47 -46
-66 -66 -66 -66 -65 -65 -65 -64 -64 -63 -62 -62 -62 -62 -61 -61 -60 -60 -60 -59 -58 -58 -58 -58 -58 -58 -58 -58 -57 -57 -56 -55 -55 -54 -54 -54 -52 -51 -51 -51 -51 -52 -52 -52 -52 -53 -53 -53 -53 -53 -52 -52 -52 -51 -50 -51 -51 -50 -51 -50 -50 -50 -50 -50 -51 -50 -51 -51 -51 -51 -51 -51 -51 -51 -51 -50 -50 -50 -50 -50 -50 -50 -50 -50 -49 -49 -50 -50 -50 -50 -49 -49 -49 -48
-66 -66 -65 -65 -65 -65 -64 -64 -63 -62 -62 -62 -62 -61 -61 -60 -60 -60 -59 -59 -58 -58 -57 -57 -57 -57 -57 -57 -57 -57 -56 -56 -55 -54 -54 -53 -51 -51 -52 -53 -52 -52 -52 -52 -52 -53 -53 -52 -52 -52 -52 -51 -51 -51 -51 -50 -50 -49 -50 -50 -50 -50 -49 -49 -49 -49 -50 -50 -50 -50 -49 -49 -50 -50 -50 -50 -49 -49 -49 -49 -49 -49 -49 -49 -49 -49 -49 -50 -49 -49 -49 -49 -49 -48
-65 -65 -64 -64 -64 -64 -64 -63 -63 -63 -63 -62 -61 -61 -60 -60 -60 -59 -58 -58 -58 -58 -57 -57 -57 -57 -56 -56 -56 -56 -55 -55 -54 -54 -53 -52 -51 -52 -52 -53 -53 -53 -52 -52 -52 -52 -52 -51 -51 -51 -51 -51 -50 -48 -47 -46 -45 -46 -48 -48 -48 -48 -49 -49 -49 -49 -50 -50 -49 -49 -49 -49 -49 -49 -49 -49 -49 -48 -48 -48 -48 -48 -48 -49 -49 -49 -49 -49 -49 -49 -49 -49 -49 -49
-65 -65 -65 -65 -64 -64 -64 -63 -63 -63 -62 -62 -61 -61 -60 -60 -60 -60 -59 -59 -58 -58 -58 -57 -57 -57 -56 -56 -56 -55 -55 -54 -53 -52 -52 -51 -51 -52 -52 -52 -52 -52 -52 -52 -52 -52 -50 -50 -51 -49 -51 -50 -49 -49 -47 -50 -50 -50 -50 -50 -49 -50 -50 -50 -50 -50 -50 -50 -50 -50 -49 -49 -49 -49 -49 -49 -49 -48 -48 -47 -48 -48 -48 -48 -48 -49 -49 -49 -49 -49 -49 -49 -49 -49
-65 -65 -64 -64 -64 -63 -63 -63 -62 -62 -62 -61 -61 -61 -61 -60 -60 -60 -60 -59 -58 -58 -58 -57 -57 -56 -56 -55 -54 -53 -53 -53 -51 -50 -51 -51 -52 -52 -52 -52 -52 -52 -52 -52 -52 -51 -50 -51 -52 -51 -51 -50 -48 -51 -51 -50 -50 -51 -51 -51 -51 -52 -52 -51 -50 -50 -50 -50 -50 -49 -49 -49 -49 -49 -49 -49 -48 -48 -48 -47 -47 -47 -47 -47 -47 -48 -48 -48 -48 -49 -49 -49 -49 -49
-64 -63 -63 -63 -63 -63 -62 -62 -62 -62 -61 -61 -61 -61 -60 -60 -60 -60 -60 -59 -58 -58 -57 -56 -56 -55 -54 -53 -53 -53 -52 -52 -52 -51 -51 -51 -52 -52 -52 -52 -52 -52 -52 -51 -52 -51 -51 -51 -51 -51 -51 -51 -50 -51 -51 -51 -51 -50 -50 -50 -50 -51 -51 -51 -50 -49 -49 -49 -49 -49 -49 -48 -48 -48 -47 -47 -47 -47 -47 -47 -47 -47 -47 -47 -47 -47 -47 -47 -47 -48 -48 -48 -47 -46
-63 -63 -62 -62 -62 -62 -62 -62 -61 -61 -61 -61 -60 -60 -60 -59 -59 -59 -58 -57 -56 -56 -55 -54 -54 -53 -53 -52 -52 -52 -51 -51 -51 -51 -50 -51 -51 -52 -52 -52 -52 -52 -52 -52 -52 -52 -51 -51 -51 -51 -51 -51 -52 -51 -51 -51 -51 -51 -50 -50 -50 -50 -50 -49 -49 -48 -48 -49 -49 -49 -50 -49 -48 -48 -48 -46 -47 -47 -48 -47 -47 -47 -47 -47 -47 -47 -47 -46 -46 -46 -46 -44 -44 -44
-63 -62 -62 -62 -61 -61 -61 -61 -61 -60 -60 -59 -59 -59 -59 -59 -58 -58 -57 -56 -55 -54 -53 -53 -53 -52 -52 -53 -52 -51 -52 -52 -53 -53 -53 -52 -52 -52 -52 -52 -51 -51 -52 -52 -52 -52 -52 -51 -51 -51 -51 -51 -52 -52 -52 -52 -52 -52 -51 -50 -50 -50 -50 -50 -49 -49 -48 -48 -49 -49 -49 -48 -48 -47 -46 -46 -46 -46 -47 -46 -47 -47 -46 -45 -44 -45 -44 -43 -42 -43 -43 -41 -40 -42
-62 -61 -61 -61 -61 -60 -60 -60 -59 -59 -58 -58 -58 -58 -57 -57 -56 -56 -55 -55 -54 -53 -53 -52 -52 -52 -53 -53 -52 -52 -53 -53 -53 -53 -53 -53 -52 -52 -52 -52 -52 -52 -52 -52 -52 -52 -52 -52 -51 -51 -51 -51 -51 -50 -50 -50 -51 -50 -49 -49 -49 -48 -48 -48 -48 -48 -47 -46 -45 -45 -43 -43 -42 -40 -40 -40 -40 -43 -44 -44 -44 -44 -43 -43 -42 -43 -41 -40 -41 -41 -41 -40 -40 -40
-61 -61 -61 -60 -60 -59 -59 -58 -58 -57 -57 -57 -56 -56 -55 -55 -55 -54 -53 -53 -53 -54 -54 -53 -53 -53 -53 -53 -53 -52 -52 -53 -53 -53 -52 -52 -52 -52 -52 -52 -52 -52 -52 -52 -52 -52 -52 -52 -51 -51 -51 -50 -50 -50 -50 -50 -49 -48 -45 -43 -43 -44 -44 -46 -46 -45 -43 -40 -39 -40 -35 -37 -34 -34 -36 -36 -37 -38 -40 -42 -42 -41 -40 -40 -40 -39 -39 -39 -40 -40 -39 -39 -39 -39
-60 -60 -59 -59 -59 -58 -58 -57 -57 -56 -56 -56 -55 -54 -54 -55 -55 -55 -55 -53 -52 -54 -55 -55 -55 -54 -54 -54 -53 -53 -53 -52 -52 -52 -52 -52 -52 -52 -52 -52 -52 -52 -53 -53 -53 -52 -51 -51 -50 -50 -50 -50 -50 -50 -50 -49 -48 -45 -40 -38 -38 -36 -39 -46 -46 -44 -40 -38 -37 -38 -35 -34 -32 -33 -39 -40 -38 -39 -41 -41 -39 -39 -39 -38 -38 -38 -37 -37 -38 -39 -40 -39 -38 -40
-59 -59 -59 -59 -58 -58 -57 -57 -57 -56 -56 -55 -55 -55 -56 -56 -55 -56 -55 -54 -54 -55 -56 -55 -55 -55 -55 -54 -54 -54 -53 -53 -52 -52 -52 -51 -52 -52 -52 -52 -52 -52 -52 -52 -52 -52 -51 -50 -50 -50 -50 -50 -50 -50 -49 -48 -46 -42 -40 -37 -35 -38 -45 -50 -51 -48 -42 -38 -38 -40 -40 -39 -39 -38 -39 -40 -38 -39 -40 -40 -40 -40 -40 -40 -41 -40 -39 -39 -39 -40 -41 -41 -40 -40
-58 -58 -59 -59 -58 -58 -57 -57 -56 -55 -55 -55 -56 -56 -56 -55 -55 -54 -54 -55 -54 -54 -53 -54 -54 -54 -54 -54 -53 -53 -53 -52 -52 -51 -51 -51 -51 -51 -51 -51 -51 -51 -52 -52 -52 -51 -51 -51 -51 -50 -50 -50 -50 -50 -49 -47 -47 -46 -42 -40 -43 -49 -50 -51 -51 -49 -46 -43 -39 -41 -41 -40 -40 -40 -41 -40 -40 -40 -40 -40 -39 -39 -40 -42 -42 -43 -42 -41 -40 -41 -42 -42 -40 -39
-58 -58 -58 -58 -58 -58 -57 -56 -54 -55 -55 -54 -55 -55 -55 -54 -54 -54 -53 -53 -53 -54 -53 -53 -54 -53 -53 -53 -53 -53 -52 -52 -51 -51 -51 -51 -51 -50 -51 -51 -51 -50 -51 -51 -51 -51 -51 -50 -50 -50 -50 -50 -50 -50 -49 -48 -47 -47 -46 -45 -45 -45 -45 -43 -45 -45 -42 -40 -40 -39 -39 -38 -37 -38 -38 -39 -39 -39 -39 -40 -40 -40 -41 -41 -40 -40 -40 -41 -41 -38 -40 -41 -41 -39
-58 -58 -57 -57 -57 -57 -56 -55 -55 -54 -55 -55 -55 -55 -54 -54 -54 -53 -53 -53 -53 -53 -53 -52 -52 -52 -52 -52 -52 -51 -51 -51 -51 -51 -51 -51 -50 -51 -51 -51 -50 -49 -49 -51 -50 -50 -49 -49 -49 -49 -49 -49 -49 -49 -48 -47 -46 -46 -45 -44 -44 -43 -42 -42 -42 -41 -40 -39 -39 -38 -36 -36 -37 -37 -37 -37 -37 -38 -39 -38 -39 -39 -40 -40 -40 -39 -40 -39 -39 -39 -39 -41 -41 -40
-57 -57 -57 -56 -57 -57 -55 -54 -54 -53 -53 -54 -55 -53 -53 -53 -53 -53 -53 -53 -52 -52 -52 -51 -51 -51 -50 -51 -51 -51 -51 -50 -50 -50 -50 -50 -50 -50 -50 -50 -49 -48 -49 -50 -49 -49 -48 -47 -48 -49 -48 -48 -48 -47 -47 -47 -47 -46 -45 -44 -43 -43 -43 -42 -41 -41 -39 -38 -38 -38 -37 -36 -36 -37 -37 -37 -38 -38 -38 -38 -39 -40 -39 -38 -40 -41 -39 -39 -38 -39 -39 -38 -39 -39
-57 -57 -57 -56 -56 -55 -54 -53 -52 -52 -53 -53 -54 -54 -54 -54 -53 -53 -53 -52 -52 -52 -51 -50 -50 -50 -50 -51 -51 -51 -51 -50 -50 -50 -50 -49 -49 -49 -49 -49 -49 -49 -49 -49 -48 -47 -46 -43 -41 -46 -46 -47 -47 -47 -47 -46 -45 -44 -42 -43 -42 -41 -40 -39 -39 -39 -38 -38 -37 -37 -37 -37 -37 -37 -38 -38 -37 -39 -39 -39 -39 -39 -39 -39 -40 -39 -37 -37 -37 -37 -38 -37 -38 -39
-56 -56 -55 -55 -55 -54 -53 -52 -51 -53 -54 -54 -55 -54 -54 -54 -54 -53 -53 -52 -51 -51 -51 -51 -51 -50 -51 -51 -51 -50 -51 -50 -50 -50 -50 -50 -49 -49 -49 -49 -49 -49 -49 -48 -47 -45 -42 -41 -40 -40 -39 -45 -48 -47 -45 -45 -44 -43 -41 -40 -39 -38 -40 -40 -39 -38 -37 -37 -37 -37 -37 -36 -37 -37 -36 -36 -37 -39 -40 -40 -40 -40 -41 -40 -40 -40 -39 -37 -38 -38 -36 -35 -37 -36
